5.306119	-0.142953
7.407986	3.146951
1.827101	6.804574
-1.838174	4.587147
0.737089	5.070617
3.815207	2.014190
-2.326130	4.577634
5.120071	4.566583
4.651779	3.712713
2.562112	3.018911
6.054193	7.757855
7.720946	10.416720
2.992614	7.057327
1.602150	7.475337
13.140905	4.792687
10.851209	6.724587
-2.961498	3.138094
12.384519	2.704925
3.869214	2.118803
8.198517	4.622141
6.011928	3.311341
-6.310815	3.061018
4.393899	5.259346
2.527284	3.300102
-3.576512	4.825603
10.414725	4.911336
6.786503	1.613956
6.721183	6.888305
7.681044	2.119347
6.306574	11.866034
-3.981949	7.015401
0.566555	4.300930
2.463206	0.680980
8.969453	5.572300
-2.048369	4.215912
8.395388	5.801351
3.560592	5.832766
2.410101	4.951596
10.230179	2.621204
0.182498	5.628055
-0.944670	4.536304
3.003923	0.076617
10.556203	3.490215
4.561675	3.286437
-0.964261	3.438130
5.800294	3.787220
0.032298	4.806616
6.451859	3.536473
4.967704	6.681024
14.638316	8.464970
9.711419	3.204436
5.200058	5.462202
-4.513752	4.289217
12.236834	4.479830
11.843594	9.670415
-1.208672	3.845676
-2.814077	3.857217
12.732717	5.775559
12.266513	8.467168
-0.979227	1.484560
8.130645	3.832155
-0.638794	4.066934
-0.958565	2.864150
8.496181	6.407770
4.215909	2.928215
1.751635	8.696249
7.409083	1.815768
11.589897	2.988408
4.387259	6.722309
7.022598	3.964464
1.827382	2.994450
5.093521	5.047502
6.084821	0.804240
3.489390	6.510903
6.943011	6.222934
7.665929	6.907156
-6.860089	3.632472
7.971016	8.293807
8.318223	4.779984
-3.237614	5.428047
11.593078	6.066612
-2.619824	6.348605
2.321475	5.583238
4.543120	5.669598
-1.545230	5.517304
7.547757	6.424718
-1.833248	8.509373
2.026301	4.876249
10.787725	5.640916
-2.718994	7.660798
6.599634	-0.858793
-0.161046	4.551503
-0.093271	7.755622
6.324200	6.198534
-4.816903	6.109006
3.335878	8.734992
-1.575259	6.023680
6.694711	6.036418
12.645418	3.205528
6.845531	7.572168
0.148651	4.466666
1.093478	6.991803
-1.442869	8.013280
5.945655	5.038928
12.378440	7.172930
4.914253	3.834501
9.150485	8.809902
6.663482	3.195219
6.684567	7.676989
7.183009	8.644346
3.655018	4.066685
8.075251	4.998630
16.210392	4.433910
5.289904	3.824539
-3.916911	8.918751
10.045088	6.979821
15.442542	2.290386
2.655133	1.520142
11.737561	5.528519
-3.258837	8.682402
9.244174	4.742403
10.137039	2.724577
4.198314	4.033702
7.867377	6.026394
7.611445	4.626213
5.720390	2.177333
3.488144	2.030969
-0.238240	4.238150
9.308485	5.964692
6.817628	3.024289
1.795831	7.528736
3.805320	2.635509
-1.184326	1.712950
-4.794390	4.772246
7.530640	7.307122
-3.237444	7.398378
-0.538830	3.955449
10.049758	9.667023
0.860778	2.814300
3.719439	5.727624
8.790825	7.717892
6.781895	4.136701
-1.118909	6.085494
10.539887	10.079774
7.096298	-1.504655
5.586063	5.895661
5.961458	6.869976
1.428862	3.819754
4.965316	4.210469
6.055922	5.895799
3.072156	2.770320
8.040004	6.309160
16.069921	8.380972
-1.825606	3.641899
0.320088	4.412816
6.407020	11.036469
-0.802638	7.553312
0.420356	4.102226
-2.945660	7.702034
10.136438	6.389319
7.291191	1.774826
13.762406	8.664583
6.546824	5.234541
4.870844	6.248503
4.803151	4.570807
-2.324717	5.526459
2.431030	5.790095
14.948190	4.671269
4.075801	7.033801
9.240471	6.423448
8.437049	2.967123
6.721511	5.479931
4.717370	5.584243
4.907820	6.398220
1.780168	2.723763
-5.672907	6.852834
1.451935	7.765473
5.285295	3.151628
3.699111	4.040710
1.099859	6.256481
3.863430	3.957017
14.501872	5.373215
4.171399	6.836407
-4.202450	0.944074
11.627114	4.245188
2.419555	2.257802
-0.321522	8.089212
0.573818	1.979309
0.490836	4.209955
-1.144666	2.137093
1.004329	6.886319
-1.730414	2.641274
4.685195	5.187866
8.967801	6.764992
6.793309	7.477953
6.908850	4.852020
7.670194	8.158395
13.018334	4.915208
3.530896	5.678016
0.000056	2.349521
5.935761	4.743312
3.030423	3.592561
2.530814	0.418023
-9.287542	9.149272
-1.293513	8.305549
-7.247610	3.733881
10.890349	6.136498
2.817117	8.411429
2.429502	6.156873
6.791174	6.627394
7.175522	4.111428
-1.589392	3.781872
9.472720	3.514962
10.861657	1.698375
6.526931	7.076796
0.384873	2.527770
4.829140	3.599606
4.791882	7.160478
5.167798	4.456307
12.992849	8.901245
12.089521	3.481465
1.809794	4.348255
6.055451	5.445467
9.725386	4.950776
4.984254	4.522807
11.386764	4.020646
8.886117	5.421543
2.952055	1.299053
11.008770	3.983629
4.385258	6.208134
8.426832	2.003919
10.446763	4.256907
6.675497	6.096364
9.684801	1.032438
3.659625	2.913909
4.984922	5.724933
9.118175	2.523580
8.895774	6.063685
0.279443	7.066742
-5.762419	4.110718
3.805776	4.075059
3.345860	1.664640
-7.568467	7.142266
18.825286	6.806416
3.339878	1.837608
-4.311088	5.668777
3.707967	6.616445
6.163783	6.335670
-1.877979	3.220482
7.359743	3.667924
7.024269	5.276619
12.260055	3.887137
9.637944	3.606967
-2.010922	2.758297
1.781515	5.849903
4.589885	3.144773
-3.135075	5.749863
14.338925	5.716944
10.202228	2.895861
5.514306	4.621943
2.945833	4.860832
6.480588	6.839693
0.696386	4.983501
4.381493	6.661959
-1.135417	9.213980
-3.415339	6.423965
4.085584	6.367761
9.793582	5.826505
0.884280	4.706236
14.834074	3.860587
0.512950	4.189382
10.229321	7.536869
5.161775	8.345261
-1.610322	3.180131
13.789728	5.482985
5.542342	5.611190
-8.238953	6.106304
9.104314	3.870057
11.732215	5.434944
-5.141699	6.211482
0.405997	3.856268
2.856280	7.411606
-0.243546	6.562591
8.092313	4.039694
7.538462	7.596107
8.897234	3.902680
6.713347	3.663417
0.503356	2.269776
6.763875	4.068125
11.809003	7.613473
2.493218	4.910634
3.666510	0.881163
2.659128	5.091279
3.469453	8.457872
5.084655	7.494771
5.952915	6.383719
-0.968149	4.209000
3.117556	7.437376
-2.615119	7.474679
7.391533	5.410689
3.635794	7.092677
-0.444226	4.894188
9.515361	5.068106
8.136570	8.183358
5.946723	2.492387
0.716248	4.319462
4.680413	4.741833
4.665978	6.190463
6.233169	1.934910
16.963380	7.401891
8.261683	4.055433
4.940105	4.961464
3.081443	2.267190
5.763227	4.297743
3.194590	4.418335
-2.021859	6.241295
3.627524	5.538549
10.018678	7.128451
2.461564	3.232165
4.400020	1.266670
8.973575	2.334270
9.549212	4.922555
9.483925	4.679654
4.010105	4.106880
-2.190711	5.965985
3.321599	3.556071
-5.022533	4.621413
10.275372	5.350657
5.754877	1.727222
8.666404	6.350608
14.872151	6.436815
-7.220431	3.757984
6.753384	2.963278
4.602589	7.140664
10.126377	4.828682
12.168802	5.258153
14.776438	7.383489
4.124886	4.748643
-0.740012	0.886247
5.394404	6.040145
8.425945	6.513342
6.011027	5.433579
11.885531	8.031364
6.046148	5.713700
8.009984	5.752827
3.961875	8.268922
9.990372	7.392514
8.633630	4.335964
-5.293061	5.675949
-2.803767	6.595713
-3.061911	3.197117
7.562065	5.085244
5.987245	7.345141
5.973562	2.940629
6.535873	6.427192
8.999853	7.383300
14.500271	7.728380
11.988761	6.106948
12.784884	5.050921
0.105861	5.720740
4.411811	7.472231
2.030106	5.356547
11.807134	0.547326
2.322832	8.984114
5.918966	6.252660
7.313190	3.735378
4.295693	5.732079
-4.505803	3.238101
-1.284921	4.824384
8.211085	3.254127
7.207051	11.009963
14.784015	6.349567
10.348641	7.687695
-1.055742	2.562779
10.174754	7.401290
3.511504	6.735535
-0.070868	5.608514
7.202096	7.906951
6.218881	4.176062
6.226444	5.278642
4.668037	5.306521
4.008435	6.134428
11.813269	2.862258
-2.827453	5.567866
11.763741	7.359478
8.367911	9.267349
6.991305	5.348762
9.781951	4.331295
5.680679	4.434649
-0.999382	5.516002
-0.646577	5.127938
4.846200	3.969356
6.793069	2.322309
3.387164	6.512453
2.597136	0.706164
0.664889	5.140660
3.060367	1.758900
6.089672	2.888760
3.075231	2.866284
-0.822424	3.996746
-1.307810	5.703901
8.135676	8.196858
13.344844	6.085778
11.734609	5.117839
11.348510	6.578757
4.799159	6.339675
4.167201	6.386966
9.930108	1.138838
2.826919	3.627291
8.688649	3.224308
12.922042	3.804210
5.330742	4.492167
6.211750	3.591564
2.107641	3.625612
5.204219	3.959798
-1.687981	2.888996
7.809203	3.590444
4.574635	4.521340
1.523766	4.840358
9.876734	0.430298
6.284600	8.557963
9.248300	4.748856
1.232994	1.489443
15.770663	3.888274
4.784769	5.740781
6.781559	10.284182
12.864279	3.341508
4.869239	7.974639
1.389931	6.776300
7.312304	3.997610
5.143033	3.097741
4.432237	4.803622
6.965467	6.009871
10.966487	6.404574
-2.648574	2.188787
9.271901	6.195326
5.839266	1.682727
10.565516	3.728629
12.965753	6.442252
7.832215	5.186130
-8.589740	5.516682
7.215612	4.574202
3.703595	2.564456
-0.890969	4.846130
6.298879	4.350305
-5.339215	7.074904
6.879442	5.644345
7.022296	3.371195
11.555221	3.264870
-0.000758	4.375099
-0.151196	5.418749
1.486560	6.345602
11.278358	8.191995
-7.248130	5.611295
5.504892	3.872002
1.691861	4.477805
-0.767936	8.393672
9.612531	3.119994
9.782401	7.810709
-0.123426	6.232208
5.500376	3.755961
4.288528	3.507716
1.501816	1.214941
-0.314277	6.563840
5.359657	5.927530
-0.214047	2.842546
1.808577	7.948318
0.395380	5.820294
-2.553939	8.452555
2.996116	6.134810
5.776741	6.162547
2.182822	4.231458
7.248595	3.747161
2.327320	4.476262
7.288268	6.387017
1.690443	2.260991
5.177601	1.740488
-4.160273	9.480717
1.540131	4.850664
7.980860	4.305823
6.059331	4.176873
11.669053	4.402787
14.174309	3.786220
5.335116	5.428302
1.173606	3.897267
1.943736	1.072031
5.645020	2.980129
9.138678	5.029337
0.861534	4.281860
14.272909	3.668623
13.662452	6.227485
2.700583	1.748395
4.804508	5.655759
7.895084	6.131392
10.273245	2.888336
-1.911188	3.427620
2.227619	7.038640
-0.708006	6.371646
1.486961	3.318898
11.710590	6.476800
-8.971135	1.182295
1.334006	4.913696
11.128119	5.490223
8.951516	7.519421
12.779579	5.936359
9.508845	4.853592
3.740878	5.138013
9.603563	4.430940
12.504065	3.250727
14.875929	3.635308
4.730262	6.425322
6.712886	2.815871
7.772158	6.096467
6.569232	4.895253
-0.126930	4.136268
-3.086576	3.280576
-1.908000	4.896473
5.390469	6.215743
6.531943	5.569938
13.452774	6.348161
5.730445	7.314344
5.565563	3.798103
10.434867	7.151572
3.271229	4.647544
6.640313	8.066854
5.882166	5.365663
-5.946660	7.574711
5.034917	4.144949
-1.042827	3.592789
-3.266754	5.742929
3.963851	3.614909
6.051534	6.479590
5.954597	5.069995
4.177624	4.043868
-5.067900	3.260703
6.262310	7.577411
9.454320	4.931526
6.519556	5.305392
14.125917	-0.037736
9.599617	4.928471
9.057578	7.710362
-5.073890	7.506030
-1.106879	7.310611
2.581398	5.720212
-0.183846	8.019835
8.437850	2.820424
10.528752	7.800071
5.651202	0.380181
19.670580	5.225308
2.590274	4.801609
4.660460	5.087534
6.614241	5.363413
8.818436	7.071164
14.319723	2.854054
1.065407	4.217198
20.513981	5.844366
-2.242098	4.829175
1.112084	6.027203
-0.986448	3.563298
-3.535336	4.191712
10.369665	4.830388
0.578916	5.830521
7.036688	4.717053
3.257951	3.070342
-7.100697	2.861932
11.244745	5.408646
15.252194	4.930816
3.389325	5.536260
1.998409	4.502556
5.305322	6.031798
6.963718	4.625447
1.107111	7.520140
15.793849	5.679648
3.349493	5.927662
10.152938	3.335912
18.181928	6.780243
11.620710	3.835310
2.109815	4.051962
7.179062	4.454692
-4.536552	3.765366
-0.525388	10.653600
9.118912	2.598962
-3.417205	7.065249
4.921595	6.112870
5.926896	3.477335
7.461936	5.887031
7.225842	5.659982
8.310241	3.257940
-3.125310	5.261634
13.629450	6.465994
3.112193	2.874329
9.564220	3.820616
0.342671	0.825365
7.774606	6.127954
1.611888	8.035091
-2.323920	3.641457
2.345705	4.369597
2.138829	8.565328
0.232920	3.979960
8.258919	5.588693
8.251427	4.029640
8.137230	8.120080
8.628620	2.059410
8.461592	6.156105
-1.732072	1.533586
2.812701	7.556421
0.941082	6.456930
8.426713	3.871448
8.291622	6.049540
11.933657	6.538574
5.295080	6.242401
5.937393	5.994676
-0.895806	5.614262
8.213292	1.614480
-2.137121	4.965668
-6.447817	4.893701
6.847723	1.274785
7.053788	7.797406
4.406911	9.876656
7.851085	4.779972
3.373576	6.290291
2.852083	4.352907
-2.529639	6.047277
1.950080	7.773984
8.061562	4.114666
8.409727	1.261076
5.082486	3.311622
12.730763	2.070539
-2.083050	2.491529
5.918692	1.725802
2.651050	4.144368
0.279528	6.459505
12.293296	7.364557
5.187206	3.927627
6.011692	0.951417
10.907056	3.522174
4.703123	7.655830
1.743793	4.208629
-4.257677	7.181859
2.986851	4.700628
8.390527	2.139273
8.000810	6.274258
-1.429527	7.567695
-2.065446	3.565874
4.770205	4.439547
2.397600	4.304517
0.147338	5.226858
4.607385	7.407234
9.348262	7.309963
4.608172	5.873832
1.986080	1.837901
7.899815	3.201509
7.817812	7.047400
2.922178	3.221602
8.370860	3.397404
7.614618	3.775051
17.451765	3.830123
4.516239	4.889065
-3.800380	4.012894
-2.418723	3.229428
9.944325	6.264302
10.213952	3.527048
10.396066	8.859767
-3.552845	5.205933
7.732968	9.088937
-3.150576	6.400989
6.353848	2.391319
-6.776558	4.884071
5.329429	5.397195
4.196152	5.163532
6.426643	8.295369
10.057407	3.404103
1.615609	4.512711
0.941006	4.625518
3.592856	1.368980
-2.176179	4.531234
-3.589694	4.760528
7.895275	6.060948
6.753847	3.387098
5.745820	6.815899
6.464083	7.049792
10.584089	7.044454
7.326041	8.408285
10.604083	5.336785
9.164903	7.995655
6.589099	4.637777
9.093776	4.455193
7.658808	7.487184
6.933025	4.293707
11.885551	9.600330
-2.412568	6.423037
3.300271	5.171216
5.793649	4.688376
1.499507	7.147679
3.558920	5.614552
2.972775	2.152601
4.446731	1.737963
0.696333	7.107584
4.931462	5.472213
-4.323395	6.751213
5.343645	2.540540
-5.368616	5.119691
15.206172	4.088076
-1.010458	1.023492
4.819214	5.113423
12.853115	3.290865
2.270252	1.837523
4.217224	5.937584
3.601937	6.040342
-6.347215	-0.433221
5.611180	5.646573
-2.878193	6.125692
3.610904	6.271097
1.124601	4.095148
4.782261	3.866009
6.468872	4.214445
12.634135	4.541135
6.688564	4.989318
16.604905	7.572109
6.865774	5.712528
-9.054431	3.081018
5.813571	3.354835
-0.225637	2.348316
3.966495	5.209216
10.878216	5.383226
-1.302921	1.530136
-2.679975	4.947434
3.633335	6.512791
2.475567	5.028138
8.773150	6.239130
13.241377	9.126077
16.419129	4.380858
6.644010	1.569580
4.772816	5.235885
2.430795	2.952304
12.997298	5.166382
2.785088	5.655128
7.823637	8.032309
-5.921250	4.843236
4.586465	3.687493
2.398898	3.378870
12.465417	5.957782
7.227713	7.742162
5.543667	1.840774
0.088630	1.529098
11.300170	3.638135
-7.147247	4.532518
9.353436	1.629161
3.648529	6.277328
8.808695	2.982363
-6.067584	8.658698
0.246138	9.022052
-2.408311	3.992880
9.729898	4.581779
9.678448	5.248329
18.069674	3.174356
14.758982	4.559485
0.709625	7.021911
8.380348	6.086976
4.825155	6.008097
10.098984	7.195324
6.652006	3.513604
11.893920	7.401667
-6.569980	5.567128
8.594887	4.299539
10.479524	2.364427
6.329263	5.424300
7.799406	3.104565
-0.479985	3.783291
2.022589	5.329721
0.190112	8.020492
-0.330698	5.655593
11.004132	2.563887
4.565260	2.628815
5.387543	3.112926
10.733126	4.494168
11.976644	5.655084
6.088101	7.347473
-7.262603	4.420504
10.415625	0.727411
4.854115	4.674757
7.481383	7.859877
1.227103	1.309889
18.718796	6.568267
0.294906	7.107197
12.139372	5.451243
17.275785	3.943272
-0.153964	4.208429
7.994592	8.992037
0.955421	4.109332
11.712944	4.327167
10.532070	11.130025
12.797118	3.307112
1.187436	8.675577
0.268200	5.467739
6.262771	4.617802
0.444853	8.820629
6.422126	7.471494
7.196710	5.978411
9.087504	8.408179
1.014166	4.800543
1.596038	5.743164
5.039666	2.780919
-2.311267	7.440629
-0.823363	0.672091
-1.951560	6.011429
0.889763	2.622268
-3.641733	5.724998
-7.632116	11.151152
-2.286564	7.371594
2.638401	3.393832
-1.149305	5.365780
2.027937	3.069924
9.835694	8.421530
7.898988	0.162062
4.385815	4.196289
14.250960	5.661883
0.840291	5.440550
11.730897	1.962861
8.176407	4.514544
7.623162	5.617480
4.598988	5.601313
3.302389	6.404513
6.521216	2.363650
0.377218	1.357467
10.253150	5.423645
8.537874	6.788484
-2.388028	5.526356
5.132810	6.813306
6.420758	6.247728
5.074618	5.058107
1.626699	4.850601
5.469070	2.666991
4.446909	4.885119
6.876741	3.744465
4.628439	6.459983
4.899808	6.637941
8.625768	2.984293
2.983618	7.441484
6.443351	2.000857
13.124221	3.127219
0.054454	7.044546
0.698552	0.389694
-1.933010	8.000034
-0.847234	7.030194
5.162946	3.552959
12.403066	2.905736
5.330498	5.456533
-3.902628	8.211204
-3.659512	2.549871
4.367893	3.656804
-0.910089	3.837174
-5.730982	3.040431
10.878206	7.931912
8.185436	3.676451
14.971863	2.819605
4.136909	6.073382
6.577349	4.662606
3.937300	5.233436
2.620955	6.839964
8.492809	5.065054
6.132874	6.836758
10.361569	7.131751
10.852389	5.048435
7.683488	3.321566
2.995266	1.410957
9.052287	3.791584
5.338026	1.551798
12.300365	7.501325
4.802858	6.889162
10.771468	5.789686
2.178743	9.024396
1.986076	4.208378
8.214422	7.485313
-0.450478	6.331400
10.183882	8.932308
-4.089482	2.189024
12.292614	5.243661
6.324994	0.344733
6.757271	5.031839
2.942478	5.253673
2.828760	5.121292
11.251381	4.695929
-5.619119	2.904841
2.654001	5.113603
3.424817	4.218541
8.693163	7.362707
-0.533141	2.037733
6.686645	3.800360
3.480089	2.478059
7.106676	4.862018
8.258422	4.759271
-0.953784	5.492745
5.659236	2.982585
7.512478	7.890593
0.665101	7.532111
1.521645	2.737046
0.757887	3.488829
4.581081	3.172122
11.737075	3.031153
2.099235	5.994142
2.665520	7.518880
7.383770	4.044933
2.839152	4.377160
-13.815632	3.864958
0.176589	6.642455
9.492792	4.815991
1.983412	8.366239
4.813963	5.305420
9.129010	4.106415
11.521391	3.966562
4.027544	3.856503
12.431927	4.251107
3.134364	8.144805
4.347928	5.335949
13.696376	1.743566
6.702653	3.128983
6.661379	5.713451
6.711869	7.400327
2.927477	8.986245
1.007393	4.881055
2.671663	3.645098
7.956107	5.137550
-5.286022	4.599310
-4.183253	3.664490
5.058597	4.258062
-1.555337	4.951828
5.111900	4.054263
1.571414	3.722897
3.122558	5.197790
2.622225	5.701159
2.098935	5.590197
2.642604	5.001301
6.575248	6.111652
8.563837	5.920448
2.698466	4.502720
9.872305	4.646382
3.010474	7.438594
0.086326	2.921160
6.185514	5.225671
10.254059	7.326450
8.958872	2.178433
0.523293	5.424917
4.586060	7.995725
-4.243206	8.272139
7.730084	5.319189
7.668988	4.432849
1.823397	6.444853
4.939356	6.635171
-1.561134	6.178332
2.322763	2.761280
1.732392	4.271358
8.267686	4.396379
4.804286	4.874713
7.786183	4.587971
6.018832	5.294888
-0.796029	4.767413
4.583414	5.805517
-2.978102	7.008816
-3.300476	4.852298
5.202925	4.771806
8.622353	3.590077
9.502252	5.066180
-4.940480	5.213589
0.725194	6.163303
5.101691	2.763729
5.395693	7.001687
1.750025	3.508735
13.708529	6.084260
3.091540	7.483890
4.427621	4.956039
6.517241	3.787237
0.144935	2.336010
6.594561	5.997123
8.902184	3.525031
4.687071	2.211635
7.535459	5.071831
7.187397	4.834210
-2.128639	3.166778
-1.185527	1.559911
7.364237	8.024273
0.462654	4.028338
5.329755	7.329484
-0.817704	8.882120
3.105087	5.605553
5.758488	2.325354
10.699937	5.104382
5.875925	3.230980
7.831507	2.783270
-2.207545	2.162063
5.832459	5.408577
5.200931	8.105335
10.824631	7.864176
7.474537	9.281604
-4.034194	5.962479
-1.619988	5.555059
4.105841	6.700865
-0.443468	4.444314
2.649121	4.903864
16.775363	4.960371
6.040650	4.413513
6.734759	7.487689
4.586802	8.444620
2.637587	1.554053
11.054974	2.720852
5.314915	6.066665
-1.205494	1.558676
3.362636	5.720001
1.194263	7.115463
7.700004	8.637836
2.190316	8.411201
4.341038	6.091799
17.081751	4.678254
3.108710	0.216850
8.857532	5.623217
9.310261	7.953495
7.855767	2.968906
1.477255	9.841570
2.832516	5.761867
13.971358	4.593191
12.350398	8.014162
12.819940	5.300066
5.772597	3.430424
-1.291687	4.357398
1.741580	5.620325
3.504740	5.341524
3.497424	4.358616
9.482396	3.845461
10.908832	1.725167
4.154429	7.569253
8.570884	4.181607
10.038104	4.403210
5.975897	3.326859
-1.568095	6.768958
3.000667	5.131000
-2.884348	7.301280
5.212500	7.108202
8.921698	5.919745
7.168480	5.500899
-0.111818	4.070206
0.077937	5.223930
12.914512	2.738277
8.832825	4.779012
3.774177	5.374501
2.080862	6.288850
10.932800	4.902889
3.820553	3.156006
4.459404	7.566199
13.590678	5.045337
-1.207079	3.424691
-5.514717	8.917898
5.825611	2.736734
1.109511	11.683628
-0.221440	6.577325
3.185567	3.580758
9.723923	6.732125
-4.517990	4.709229
9.334756	6.380174
8.425002	5.141817
6.558688	5.999276
5.469555	6.655624
7.500189	7.779276
-1.223466	6.960355
17.401248	2.887923
6.896564	4.771689
3.458026	4.051085
8.106016	4.577408
2.196672	7.131814
4.513042	3.410959
4.537860	2.058196
6.843051	3.376314
7.174752	2.547718
7.128069	5.180673
9.807382	5.345617
9.100629	8.243831
10.806990	2.832159
6.697593	6.339396
4.087047	3.930243
5.761069	5.498002
-1.561394	8.103454
1.192952	7.075288
9.000858	5.371672
6.093269	3.768000
-2.184275	6.664025
5.819808	5.369284
7.913180	7.967224
3.939447	6.852106
13.738129	6.160713
11.456386	1.225126
2.825294	1.525699
4.609942	1.614285
11.431448	9.418690
4.632894	7.964975
2.279101	8.125654
2.571478	2.124339
12.133689	5.491196
5.540626	3.344399
-0.737751	1.388871
2.649830	9.717204
16.524703	3.939706
-7.967206	6.791733
16.429097	5.348644
1.450865	6.191653
4.001418	4.004615
7.516516	3.859951
-0.112010	5.491931
0.825306	6.120827
1.458062	5.118168
2.999457	5.726959
5.876523	5.668878
7.782800	4.602633
6.435020	3.620833
10.629357	5.746521
-4.774317	3.879388
7.368890	2.014111
5.241604	5.138294
4.391788	4.339363
5.899876	6.461568
7.642852	5.290183
4.248254	3.871181
6.682402	6.707587
6.585846	5.946004
-0.667753	4.298821
-4.804867	8.033881
9.697437	2.579783
-1.286300	3.968885
2.947961	7.966296
-0.672238	6.554585
8.211204	4.239638
7.033677	5.393779
12.844145	3.109843
-6.638563	4.630486
5.257161	7.894268
10.602373	4.416297
-4.560238	6.777322
0.964842	4.105930
7.145455	0.535031
5.177622	5.431673
9.862710	7.265944
0.907755	2.896373
9.405060	3.905675
5.836680	2.406516
3.948925	6.773135
4.469266	6.342974
13.898078	2.293876
10.319380	6.847217
6.856026	6.031546
9.352512	6.529979
1.862842	5.843294
2.702084	3.708831
6.353984	7.373950
3.323593	6.171224
-1.038606	4.165108
6.156243	3.823624
8.449982	5.727747
16.240196	6.419378
1.794944	4.651344
-0.020730	3.496525
5.924454	6.313280
13.987112	7.364453
13.876486	5.923205
5.101450	4.532586
4.211907	5.462205
1.291363	4.231112
13.078388	5.563181
1.387579	6.195240
1.705367	4.715650
12.652497	9.583579
4.365785	4.976260
12.616761	4.923580
11.607511	2.892094
1.290145	5.021849
2.584461	4.701990
8.364588	4.660529
-1.134711	6.985832
7.521710	3.734650
-2.572071	4.578479
-0.029629	2.282035
11.423790	5.361146
7.411509	5.663052
13.408721	0.773408
0.420098	6.496587
8.588906	5.986312
11.402247	1.173502
2.502701	2.612338
5.556811	6.463649
8.407731	2.706460
8.965466	7.646782
10.165193	7.096002
8.556188	4.384771
7.624600	6.998485
14.263054	6.452960
3.816723	3.094748
4.723370	6.926089
2.277031	4.324339
-3.249270	8.494738
5.641296	7.974580
7.039183	3.426025
1.292917	5.000050
11.722141	3.151590
9.375092	7.517839
9.472756	6.768846
7.621899	3.728170
3.845163	7.905548
2.545169	6.334279
2.721829	6.223468
8.259136	4.644291
8.812205	1.956580
2.261419	5.622646
4.432530	5.171836
9.457298	5.330394
-0.941737	3.093574
6.567734	7.417703
-1.314128	6.072070
-1.740843	4.237423
5.563150	3.065657
1.041742	3.575334
8.676996	4.753391
7.638390	2.959652
9.431686	7.795980
3.966763	6.705353
-0.027170	7.483726
-2.761114	5.969921
-5.138497	4.723167
9.775813	5.435476
5.577384	8.920795
5.960345	5.245040
0.860890	4.455988
-6.591861	4.425406
1.409268	4.591707
0.799958	7.775067
-0.356552	6.349456
8.185184	4.400614
5.177840	4.079553
11.058199	3.687624
1.671913	4.803342
12.515301	6.716606
4.827468	7.570396
9.015901	6.005513
9.383657	3.013391
1.027817	3.518832
9.379150	2.639322
11.547523	5.855555
4.556889	2.445812
9.983106	6.031708
-3.556732	8.118757
15.155967	6.878945
6.330594	4.173043
12.267138	6.431315
4.980933	3.170306
0.298025	8.170636
5.380602	6.767102
-6.784984	5.957866
9.003729	7.611047
1.977778	7.061022
-0.102602	4.869387
3.885638	6.823925
5.822147	6.180008
9.031475	3.046865
-3.747861	4.918286
9.554630	3.192296
2.306732	5.232807
-3.898605	5.065814
7.209968	4.690113
2.063517	8.710040
2.289243	5.872779
10.263550	1.436499
4.010335	5.596662
-0.927833	6.681747
1.094490	2.462120
3.402206	6.694957
4.231248	6.581343
3.728351	6.609483
12.077160	5.819157
8.720830	6.811547
9.848600	3.706185
12.018117	6.025874
11.037384	2.159653
5.953076	4.780294
5.936697	5.677507
-2.107398	3.084131
0.864853	3.926517
9.419112	4.460071
2.233427	1.980128
1.389650	6.702459
4.258702	2.939805
3.791242	7.265513
9.435117	7.055852
2.956048	3.954855
6.598392	6.175079
7.828995	4.667338
11.133073	6.840857
3.068252	5.207707
7.864567	4.084011
7.650446	5.408681
2.158567	7.828343
12.576944	4.044446
5.242342	2.235124
-7.859007	3.041726
6.199156	5.494344
5.187301	3.084500
-0.422600	4.375789
10.275841	4.947637
6.006555	3.903241
13.321198	3.394633
-3.429515	5.403870
12.343362	2.668893
4.413409	9.010091
-1.378262	5.465723
1.293855	5.833946
-3.301632	7.013144
-4.180995	5.224503
12.845262	6.139123
5.580406	1.101281
5.020244	5.924157
6.199586	8.181573
12.788425	7.406293
3.965059	-0.299600
7.681259	6.778886
6.823111	3.804287
11.470575	-1.094372
-0.661605	8.422268
1.622301	4.145900
4.636391	6.229952
8.792563	4.780057
4.040163	4.738129
3.127602	6.831675
14.743620	8.872619
0.296086	7.276086
13.769950	7.511793
1.115723	4.732823
-2.014334	3.885363
1.793291	6.414746
5.826819	2.482480
1.809503	7.175581
4.400940	1.411424
6.404890	5.997704
6.055092	5.645048
-0.585793	4.274287
-0.431648	5.407908
-1.028927	4.510309
6.266166	8.246862
-7.202975	3.552355
5.965652	3.420146
-10.183628	4.720776
2.276244	8.807271
-6.256597	4.060590
-3.540188	4.188076
11.727076	2.549596
9.062700	7.066111
-0.144487	8.737743
8.741199	4.906024
5.679564	4.183279
-6.868572	2.203931
-0.316569	5.478563
9.955018	5.164242
18.988215	3.109503
3.076451	4.713128
2.343826	5.389133
4.895093	2.566722
2.825448	4.598381
-4.643931	6.649073
9.867287	5.197622
9.196988	4.364218
8.173817	8.164307
12.909543	6.877047
1.244515	2.218636
0.985119	3.402497
8.180141	3.547366
2.776880	4.643596
2.763203	5.925938
3.933922	3.756803
9.726477	4.557537
12.057179	4.165670
2.695888	6.262780
1.841371	4.206490
-0.569426	3.421043
5.130290	6.427113
2.065731	5.049271
9.229091	4.444693
-1.536983	3.499396
7.544299	2.713954
1.030797	4.766716
3.270078	4.428842
2.147515	7.357311
5.192102	5.628940
5.360033	8.642820
-1.793270	7.988366
4.965939	3.732901
12.758082	4.347276
19.206881	3.256034
13.478969	5.431997
-2.146035	2.075302
7.259384	1.177659
-8.762913	7.672684
6.853050	10.205512
3.561552	4.339618
-0.014028	2.303526
6.864457	5.559061
6.979219	4.731894
-6.001925	4.740063
-5.148690	8.966515
11.347179	4.505951
5.087348	5.164772
0.609851	6.775151
7.030920	5.554842
12.865847	3.298497
3.693989	3.159245
-0.072781	6.547656
2.393933	4.719128
4.849919	6.613756
2.827680	5.994843
-3.831612	0.546403
5.325937	6.592869
-6.179821	5.783357
11.108338	5.295987
6.912975	3.816367
0.348761	6.381586
-0.132082	6.955514
2.085602	2.233997
5.912070	6.253535
8.214832	2.463748
7.989677	8.824192
2.523745	4.992249
6.672080	4.630553
15.862720	4.231420
9.427533	3.793819
2.181307	1.732101
3.239314	6.146012
0.152552	6.268237
-7.617216	6.417645
6.899685	3.681627
5.502940	5.766865
2.969214	4.539800
6.629918	5.025493
1.892284	3.800273
7.584323	5.975383
6.250787	5.084298
0.767771	2.393335
0.817143	7.721751
0.989866	6.693047
3.635688	2.931736
7.787235	2.266182
9.593610	7.511205
4.056226	7.335665
0.186023	7.082335
18.843684	3.603735
5.909590	4.008849
-3.202311	6.980957
18.539991	7.287141
1.555290	5.994773
3.993239	5.785256
2.394165	4.999832
3.547440	6.777480
13.313424	7.158478
8.711911	6.208947
2.553392	4.253496
1.483412	5.242732
7.965367	8.752677
9.567195	5.875321
5.221673	1.079379
8.084191	4.648816
-2.354364	2.963754
0.605872	3.320975
0.494699	7.550813
0.469750	4.025007
1.424770	4.395154
-2.768715	4.817990
-0.689450	5.844551
3.671650	4.258762
-2.212337	5.859320
9.494476	8.235159
11.095565	3.799925
9.412096	5.469307
-4.317371	5.505588
8.300855	5.504365
3.819950	5.031576
0.465617	7.353395
7.964484	5.762938
5.383746	4.339963
-5.572973	6.942284
0.603501	4.761318
14.167483	5.689576
3.558684	8.912389
2.953239	3.916443
10.859940	3.895414
6.465232	3.605379
2.712993	8.232073
-1.399675	8.280731
3.857626	5.322963
-2.998845	5.485457
-0.989155	3.583423
9.182031	5.969567
-3.015355	1.459284
9.348968	8.207840
-3.370701	6.249476
3.529720	4.373785
7.047830	4.759876
-3.965018	1.960579
3.474033	3.667808
1.635468	2.118475
12.752117	5.967346
6.624955	2.288960
3.114981	5.273803
-10.499879	5.284545
8.505927	6.703972
-1.321054	4.069880
8.986295	5.820820
2.309005	8.364412
2.475607	7.178627
3.728051	0.902893
3.359900	7.098254
8.090239	4.114709
5.581463	1.565372
8.436238	2.894582
3.504117	7.265731
2.504249	2.461301
2.209584	6.803600
-0.609032	5.063426
0.157646	5.823103
10.746585	3.744181
5.309390	1.371245
15.223492	2.209832
15.139398	3.379072
-5.458676	4.393358
9.913106	3.522251
9.634125	4.712891
2.249393	6.494134
9.825533	4.599877
11.283896	5.996122
9.841067	5.485937
8.121859	7.122358
11.002460	3.973231
10.119683	6.569084
2.404818	4.115433
3.332613	3.078700
7.208126	2.325605
6.820722	2.966555
8.400837	1.565646
5.170059	3.823846
7.605093	3.767381
3.457515	8.728320
11.155219	4.350475
11.766009	5.266278
0.096125	8.628143
9.893336	3.583141
14.368509	8.432836
7.667410	4.384814
7.107675	7.300179
5.022778	4.541630
4.303227	3.138585
3.613527	5.923874
11.621451	6.138624
1.594865	3.306845
11.069389	3.073285
0.138719	8.399030
2.698839	0.358210
7.080913	2.287927
-2.055965	4.431270
11.726617	6.775672
4.369422	9.213262
1.478248	4.887253
-1.347211	3.660318
7.295707	4.061154
7.565553	3.953734
1.626993	3.058732
10.353432	3.499997
15.311478	5.248445
7.137830	4.266330
1.451498	6.098370
6.908295	5.188902
4.820391	2.311664
8.151999	6.144550
10.544192	6.545761
-5.653699	4.517534
3.844009	4.382015
5.577941	5.656964
7.778304	5.424815
6.868467	2.058724
11.041762	6.165917
5.885670	5.408435
7.046596	6.923780
10.104129	5.517752
4.622105	4.416603
-0.811957	7.876568
-1.583627	5.704122
7.906743	5.919656
3.529841	2.983484
-2.699800	5.089285
11.783080	6.738682
5.280907	6.563798
8.488702	4.116453
7.655342	4.901396
9.207694	1.795621
-7.403056	4.220044
1.747100	3.312405
11.948688	3.393623
3.414333	4.162445
10.210669	6.117931
9.250270	4.501322
1.812115	7.039294
4.231636	3.767138
-1.401130	4.747986
1.907691	4.934961
1.348411	4.121997
0.216063	3.490624
3.238787	4.241151
3.489412	4.887394
8.582160	3.724691
-3.210172	8.801996
4.251771	4.205245
6.148182	4.060365
4.552800	2.827373
-0.489233	6.493581
8.056108	1.855809
-0.731032	4.437344
5.903641	2.752020
9.146452	1.718403
5.682688	7.331051
8.813943	4.293415
9.149226	4.646474
11.554010	4.262872
1.259436	9.146894
10.755714	5.981112
11.517247	4.733499
1.255948	2.865499
7.230083	6.231326
7.883188	4.492714
-3.992629	3.819998
10.161356	5.947056
6.820590	2.833466
12.519572	6.666452
5.850662	7.776075
7.038029	3.739822
3.881540	1.287639
2.807385	5.797570
10.356882	5.525302
4.481804	6.645413
-1.686772	2.499333
4.989835	1.922189
4.865983	3.813133
8.838937	5.413227
5.618554	7.013239
-0.539318	7.846080
-0.230117	6.698504
4.436997	2.628167
13.340700	2.715982
12.376094	4.478297
9.351528	5.867406
4.915298	3.693464
0.630215	4.603375
9.965795	3.060047
-3.419107	5.643093
8.395937	8.695080
3.623933	7.066083
1.683099	7.362506
3.783282	3.597015
10.262046	5.397977
-0.769727	1.791986
-1.922636	4.156893
8.050596	4.597794
8.897980	3.449387
0.437411	2.969956
6.169466	3.203182
9.754163	4.881529
11.103219	5.520711
8.443783	7.655292
3.855701	5.665451
14.395143	6.362036
5.668071	3.710750
10.625756	3.344322
4.517410	5.689174
2.077383	7.264587
13.592187	5.498416
5.679043	3.661244
6.728407	2.675761
11.584999	4.273511
1.644397	3.653627
8.985261	3.577739
2.507194	4.607185
8.820444	4.477047
18.312876	5.199853
2.413659	3.923099
4.545902	3.308204
2.205996	4.852704
9.330970	6.311026
5.108517	4.273877
3.778323	6.127952
-2.109954	5.158584
4.919808	3.126573
2.847723	5.054476
12.525171	3.038875
1.733382	3.961007
-0.910537	5.302670
3.568158	4.737788
0.875467	4.795314
6.274684	7.288056
7.269067	6.556310
3.758313	6.512597
5.340343	6.519773
10.153169	2.035759
11.810914	4.790492
7.005960	4.350239
3.921256	2.963602
6.203712	6.654451
-3.663709	10.764878
8.341871	7.730548
-2.756267	5.964994
9.354164	4.157011
8.942654	5.156224
-3.150904	5.880984
1.996670	7.119045
5.005602	4.118679
-1.374163	4.027739
-9.883899	5.190610
-2.804127	8.068820
1.857578	2.256617
2.061717	3.786526
2.652792	6.783012
11.415493	5.913623
7.759255	9.486996
8.029884	4.447235
14.178099	4.122376
9.384151	6.006979
4.006752	5.687853
4.324601	6.197689
9.870308	4.709842
5.909292	5.387348
5.867721	5.322552
10.585200	7.019758
3.614459	4.277435
2.871158	8.060169
1.413580	4.768146
0.560743	2.946452
-2.582337	7.093808
-5.318870	7.767871
12.998321	6.523458
1.223692	7.238652
7.737194	5.205898
0.772327	6.043532
5.499067	3.124169
8.161628	5.537529
5.504090	2.581722
-2.742398	5.482362
10.355217	4.882784
6.454891	7.425410
1.582577	5.301936
3.701030	2.945786
0.064933	5.697684
10.082101	4.172827
11.485830	4.006925
-2.319269	4.063867
5.467557	9.055303
-1.792065	6.974185
7.590659	2.979247
0.616363	6.520118
11.007308	5.779889
4.114052	6.637130
6.514975	6.357145
7.191225	7.875514
5.288055	6.875267
11.647315	5.300096
5.597552	4.467309
7.310793	-0.663483
0.169790	8.526541
9.537620	5.728054
2.336798	3.581213
5.820703	6.092660
6.758812	10.056353
7.748877	3.524699
10.972210	6.531601
5.734536	9.278952
-0.829171	7.512924
1.381435	3.739091
12.570638	3.091788
9.559380	3.877900
1.456094	5.298686
3.816676	4.151113
9.822977	5.311896
4.297689	6.027866
4.020790	6.161417
15.305020	5.968988
4.338027	10.249475
7.143590	0.476777
1.198675	2.440731
5.601717	3.435705
-1.295153	5.472225
-1.992933	3.627736
4.133977	3.570205
3.964416	7.155423
6.141534	1.146907
8.862472	4.323319
7.223849	2.112643
7.750260	3.912517
10.451013	5.767450
10.502698	6.932312
3.253415	3.631153
9.966791	5.117488
8.236301	4.726301
5.756817	5.040660
3.486498	6.433828
7.801510	3.679630
8.373975	4.729313
-0.070202	5.599421
-0.749680	7.054160
11.662876	3.690809
9.011278	7.041309
11.800656	4.148241
3.868435	2.905400
5.020877	3.775531
3.611254	7.464826
6.076236	4.791451
0.685548	8.172293
12.569237	3.284759
9.651983	3.458157
4.529068	4.725403
6.604378	6.392484
-0.492368	1.157090
-3.163348	6.935788
10.481298	1.840291
-0.156079	4.031053
9.581266	6.282543
-2.685105	8.230934
7.427372	6.924117
3.894398	6.427140
7.272222	1.344670
3.799876	6.141286
-1.872943	5.248630
0.514303	4.901479
3.613582	4.217612
5.420916	5.403623
-4.158039	2.653922
4.084023	3.630072
-3.126240	2.864772
8.184308	6.797712
10.462676	2.058496
2.037914	4.675868
3.192590	7.200481
-1.060360	7.663469
12.172267	1.304088
2.569123	4.047457
13.310161	3.444932
4.070581	5.964019
5.535377	2.879772
5.364168	3.436343
0.625263	3.347661
10.525506	3.037806
-2.241362	5.263760
-1.330306	8.142742
3.607585	8.721731
13.199113	1.165203
3.191280	6.621257
9.859246	4.530927
7.196903	3.412696
1.703852	5.612584
16.328000	3.108071
10.934113	5.958166
9.985867	4.291515
18.890639	4.459633
4.719541	3.638858
5.723893	7.592799
2.381263	3.140176
7.309129	10.007580
1.917846	4.674499
0.569739	4.789690
6.489121	4.657012
0.060323	6.976159
-2.039223	5.274633
1.732990	4.327973
4.526489	3.119457
9.511144	8.508262
-5.023902	3.120197
-0.815091	5.205312
5.209807	2.411919
14.260144	6.787863
-0.676759	3.476391
8.391521	7.794086
8.345715	0.190851
10.967289	6.256692
6.562498	4.279034
5.159215	4.309968
5.506207	7.224223
5.194019	10.246935
-3.458915	5.057855
11.494599	6.371969
11.628058	4.122775
7.496750	6.486839
-4.356314	3.090508
2.863061	6.056898
4.263504	5.483650
1.599687	2.070489
13.199738	5.094661
-4.196209	0.690140
3.357239	5.020103
8.708404	7.319652
4.440083	3.071281
9.583429	2.586388
0.609399	6.886479
6.501458	4.276138
10.849123	0.800154
2.132021	5.785764
15.788776	3.678250
6.250069	5.073560
7.954168	8.847083
-5.761901	7.414877
-1.437372	1.915930
2.294160	4.507439
0.727185	3.991926
-8.721152	6.205922
-2.388889	6.489680
0.321025	3.930835
4.497094	2.016059
-5.987364	3.106877
0.468018	5.841273
6.472888	3.869369
1.652798	4.320241
6.257549	6.902064
-0.175647	7.453112
-1.248357	4.586921
-1.173149	4.518752
-2.375578	6.145740
0.292517	3.654305
3.912706	1.477015
6.472950	7.947318
4.759675	4.630563
-2.971401	6.485858
-4.769960	5.701711
-1.644403	5.399389
-2.774731	6.494927
1.143488	5.409750
-1.511282	8.369180
3.455775	2.873873
2.017790	6.281695
10.569350	4.154270
9.060922	5.213118
9.365949	2.743504
15.093173	5.144220
0.440541	0.541796
6.492428	4.155363
4.329142	2.615714
2.363348	3.485257
-1.390312	5.568188
12.430148	7.315822
0.503349	3.375001
8.890319	7.069650
12.002214	3.372628
-0.873038	4.914053
6.697473	7.253578
7.940650	5.273861
7.463524	7.193581
8.041720	6.990614
-0.104275	4.322284
5.861424	1.216095
2.952535	4.491142
3.362515	4.965857
-0.498341	5.033752
6.658261	3.522143
2.285531	8.457463
1.186717	1.781020
3.909097	4.277505
6.669724	2.938467
3.138212	6.185410
2.797254	4.304453
2.834984	8.236337
11.414271	3.830222
8.593883	5.266074
9.188568	3.833981
2.735382	2.048486
2.063089	3.420258
2.362156	11.086320
0.023124	3.782901
-1.354416	3.575341
2.261964	5.216887
12.962375	5.286109
6.317769	8.443437
6.830934	6.245259
1.932428	8.430102
-1.080804	6.804890
11.856228	7.293373
5.543751	2.569821
7.587745	3.935162
5.205919	6.249760
3.334147	4.235715
5.075438	8.082054
3.941930	7.126343
3.750605	3.999676
5.572475	7.291343
-4.034356	2.326885
3.420720	5.976983
-0.643180	5.943922
1.700551	3.737529
10.706896	5.236064
-2.499977	5.910206
6.403748	1.672812
5.299412	2.837326
4.091833	-0.073762
3.251504	3.759605
7.352282	4.509739
1.668351	4.444023
3.903452	6.762870
34.683023	12.353237
36.495660	8.617110
31.400024	10.975254
31.731914	11.414319
24.007536	9.809508
35.205065	9.077555
32.825078	11.113618
34.907783	9.849147
30.432676	9.537955
30.208206	11.457370
34.096679	8.634010
26.633803	11.071299
21.114544	9.238183
26.671276	7.160216
30.785296	6.815663
31.549352	13.051855
33.386463	8.235122
32.846098	11.536361
26.441705	11.435256
29.298910	8.506315
34.506565	7.098018
23.941263	8.408079
36.844724	12.085100
35.951065	12.571703
31.650903	13.103283
42.702524	10.348931
29.849757	8.225412
37.075103	8.414954
27.058501	10.128643
36.325372	5.111455
26.644943	12.781647
32.108698	8.295470
32.277059	10.208953
20.988967	9.612148
21.414923	11.319021
26.446571	11.167008
42.709334	10.451673
31.962933	5.330011
36.742807	7.768374
23.091256	7.883975
32.497026	6.502710
25.723341	13.315237
26.871432	10.249568
38.412622	11.178872
38.579485	10.404272
35.472979	9.983494
30.442008	11.870767
34.651399	9.987603
16.603795	13.850830
26.026104	10.964701
34.392499	9.766053
29.699968	11.403744
34.611590	11.114912
26.894245	9.305510
31.215823	11.090882
30.117474	8.247213
28.149083	12.363652
31.370755	10.352473
28.232098	8.039379
39.402330	7.235557
24.837514	5.203510
34.101025	14.509402
37.255708	9.454208
30.782712	10.957505
28.129797	10.785762
33.739361	13.201109
35.643112	7.198090
35.461118	5.558747
42.656844	9.500869
36.680959	11.326519
29.491247	11.041073
25.411121	10.164453
38.036271	12.982880
40.715471	10.623066
26.876731	10.666469
23.360326	8.849725
22.784180	11.648280
23.178100	11.357658
35.699764	8.043353
23.683813	11.163287
33.122562	11.209904
26.037136	8.906605
34.060168	12.455568
24.943449	9.128859
30.269337	9.382376
35.241053	10.438150
29.336440	8.328738
30.766033	7.676084
27.822743	10.349569
34.983693	8.164822
30.120895	10.976538
34.678601	10.121595
33.655681	10.042804
37.359073	9.859289
31.001595	9.541466
36.184133	10.312660
25.927851	10.880236
32.060062	8.222276
26.690430	9.090071
31.167232	12.305575
28.638674	12.841510
29.927448	8.680568
25.250144	7.414283
35.529225	7.212339
33.124033	8.309716
30.782708	8.642353
33.434166	9.985895
28.861647	11.082274
26.583162	9.672352
32.718832	10.493068
35.736620	8.289462
37.830263	12.565878
40.544356	9.225743
33.260011	9.860909
32.492520	9.213613
35.394806	11.585059
24.691000	13.584407
29.865516	12.320075
36.323988	8.529392
33.834031	10.890554
34.188057	6.989345
32.728942	9.877798
26.890915	9.771542
30.965399	7.928117
34.353459	9.587415
29.302737	11.814869
33.907936	7.384853
27.079035	9.179798
22.330841	5.864042
34.325756	10.973237
33.732010	10.932942
24.207344	11.036616
24.895518	10.440616
38.687463	5.892928
23.469600	6.558853
24.389774	7.372717
35.756086	10.122204
39.938753	14.259775
31.243725	9.835284
32.681502	12.201620
34.993661	10.750211
26.482168	12.447002
25.037021	7.555168
27.498075	9.948805
33.510876	10.480728
36.999210	11.454334
40.402696	9.248795
24.500060	7.735516
20.233890	8.208804
28.240910	6.284259
30.491901	9.611020
30.059860	7.432806
25.996739	11.348776
32.161474	6.457698
26.836211	8.604728
36.924224	10.809395
37.769203	8.135646
32.919477	10.491366
28.663775	10.733868
30.215382	13.659382
26.035400	11.643498
32.940585	7.789617
27.899585	6.605784
36.538914	10.958960
23.533740	7.193557
30.373454	11.280206
29.562259	7.693992
31.594512	14.146889
24.566606	12.544380
28.314439	8.329028
32.522919	8.297225
37.096627	11.993120
39.017622	9.214893
34.372138	10.192463
33.072399	6.272131
40.171240	12.307792
27.046991	9.721796
36.141601	9.670481
26.702429	10.539827
35.185834	11.304203
33.713988	8.486830
25.214245	9.867316
24.502866	8.982677
34.046886	11.279252
26.798252	10.339430
33.537856	11.561512
39.989003	13.023104
26.218070	13.601739
33.659746	10.890394
23.780176	12.029444
25.080534	11.589188
25.165784	7.237547
36.450310	7.194586
20.020142	10.030274
31.179219	8.904974
33.160476	11.188855
24.889724	10.395280
29.724581	6.755248
26.127682	11.480854
31.621299	9.662226
33.783363	9.981619
27.237255	11.639426
30.267707	10.730669
35.097003	9.392114
32.674953	10.622567
28.924433	8.871169
33.648165	10.445226
23.250419	9.728064
29.859715	11.330137
40.811472	11.169527
25.528551	7.521212
23.792133	9.908411
23.697473	9.490309
27.464271	10.133151
34.394505	9.764589
23.887103	11.597785
33.808798	9.495265
34.956274	7.257537
29.779718	9.437054
29.728566	11.752382
29.296698	10.209810
25.051063	9.320620
28.555325	10.184559
28.628768	9.993957
24.547182	8.856852
35.131159	6.760633
35.358100	8.400385
32.587344	5.891130
35.303205	12.148303
29.384816	10.480200
31.933159	10.877067
33.511839	7.839563
31.301648	12.183360
26.994752	7.953168
24.452818	10.963038
25.566017	12.260464
23.620235	7.724039
23.639938	11.726761
23.614581	9.877889
21.167726	12.259058
23.969872	9.335301
27.821193	7.614423
36.912799	11.698184
26.287399	11.756705
28.411936	10.281028
34.675283	9.647977
28.999701	8.866361
31.374230	7.940640
26.504732	8.638773
28.127877	9.061395
32.390993	10.560321
34.227042	6.694088
31.857136	13.039670
37.940714	7.527430
37.223410	10.066523
23.425502	12.554691
37.128850	10.843546
28.222273	10.068041
25.368302	10.432409
33.816419	5.610686
37.248713	9.105674
29.582040	11.408103
28.483883	11.159300
30.742637	10.211440
33.594781	8.942526
32.663847	11.329785
30.738184	7.236404
24.639619	10.804105
23.350676	12.266202
26.555923	7.576050
22.717020	8.088044
28.765735	8.004022
29.691936	10.097009
30.626045	7.539308
29.243490	14.114135
33.912531	9.301491
30.912905	12.632427
29.153155	7.773869
30.443447	10.191029
26.820056	9.644083
20.474606	6.418011
25.012523	12.511145
30.059583	9.156530
39.579237	12.879721
24.822644	9.888307
37.541634	10.788413
25.989928	10.962195
20.954460	10.061265
26.637627	11.805475
24.522008	8.068976
35.489226	10.025979
42.029986	10.107059
31.166209	9.632435
39.832636	11.768548
27.764279	11.164173
32.147131	10.548038
29.534524	8.075594
36.245751	8.900948
32.134184	10.093501
27.825772	9.837175
22.614543	13.029217
19.704966	10.981556
30.123228	10.084180
21.499656	9.525103
26.534445	8.358779
42.291459	8.046745
28.874911	14.650382
32.603183	10.127584
26.681286	9.132948
27.117789	10.631477
29.749453	7.638103
29.836658	12.627996
31.314195	10.568411
28.413537	11.653043
27.449190	9.936502
26.043724	9.863278
30.032185	8.320622
28.751286	6.243974
29.584127	8.919047
42.223178	9.697336
32.929474	6.001721
30.716180	9.795864
25.840093	10.295184
27.866044	11.264575
25.331226	8.521748
31.432457	14.261638
32.974518	14.708216
39.004605	13.531616
37.148670	11.095293
34.890906	10.221942
23.998120	8.661444
28.583648	13.143285
33.612749	11.190867
29.100028	8.919003
34.646839	8.366084
28.418510	12.475705
32.629135	8.621955
19.690005	8.341954
27.484678	11.751705
36.587869	7.396258
26.022383	11.925670
38.000939	12.320960
28.778416	6.335026
32.498999	8.965630
28.221911	9.751185
35.032467	10.680415
38.374365	8.929818
28.761917	9.395745
32.198986	7.570238
32.531559	12.491922
34.443896	7.264017
27.766205	8.795523
24.935685	12.632705
24.130799	7.941695
25.120069	12.062178
35.894192	11.719245
38.279141	13.061239
42.080829	10.708676
20.511127	11.723174
28.176282	8.999207
42.642588	5.914164
27.359548	12.255885
28.149000	7.516246
31.189004	8.251894
30.013006	8.437830
23.301903	9.918174
35.004164	11.034364
28.223786	8.747219
29.888744	8.434510
28.523982	10.145709
25.993648	9.517310
40.155192	11.755365
23.083025	8.643007
37.832670	8.243111
29.015195	9.494698
26.849819	8.060026
19.997655	9.412647
30.658928	10.793414
21.612987	7.360979
30.598122	10.705168
27.422865	8.815970
33.222250	10.011158
32.356486	7.689901
30.708160	10.443544
24.969433	8.937844
22.223194	12.229734
30.910821	9.178623
30.691294	8.232479
28.117333	13.065332
25.433190	7.262082
22.129198	10.205355
35.360648	9.088438
31.500038	8.209742
20.190211	8.232342
24.343175	10.409126
29.421547	6.533313
36.597903	11.881783
31.995030	8.813672
24.836963	9.325293
29.420746	11.440426
24.239941	12.546866
40.857546	8.138824
30.088840	9.988928
20.115311	10.582303
41.895878	13.308668
29.267626	7.321802
24.210248	11.887791
28.438660	11.665286
33.078768	10.831581
25.999690	7.764018
29.106521	8.389348
30.848204	9.191410
31.957015	7.616716
30.077806	9.161920
35.587257	11.029769
16.862720	11.465650
33.901950	7.973737
32.451816	13.599899
27.050763	6.505987
24.116592	8.653674
26.979064	10.983363
24.797030	9.650513
23.586477	12.654953
30.997619	13.637871
28.749886	9.195361
30.318542	14.298743
31.423038	14.190609
30.809686	11.925456
22.626977	10.708361
30.362544	5.444857
34.041278	8.432909
29.295010	12.116698
29.490757	15.572563
30.568631	10.171782
25.486984	11.177336
23.369346	9.442781
32.007910	8.027072
25.807281	8.402368
32.858039	4.028154
23.935237	10.928417
23.291495	12.802561
34.459129	14.453618
30.250408	11.457978
33.598567	10.759999
29.179985	7.714938
36.723750	11.401408
35.114067	9.289668
34.388591	15.744998
27.061332	9.903064
24.068031	12.402513
29.058256	13.683991
32.897572	14.536374
34.572661	11.233829
30.326894	9.175577
27.621816	7.135765
23.679896	12.146871
32.192721	8.377625
33.172586	8.395931
31.269190	11.168276
25.801438	7.730646
35.097103	7.673026
34.040489	9.758289
44.572942	7.292562
20.469495	12.496187
31.647364	6.859167
32.307770	7.502395
30.960148	7.916911
23.654448	8.876841
29.022037	14.350011
39.106010	12.138173
28.435016	7.802486
26.016833	10.513291
35.603576	6.852996
28.305640	7.578918
30.364644	8.185881
32.319432	11.404953
31.464641	11.694791
28.188728	10.364258
39.644970	11.309502
32.431548	14.243900
25.615526	13.294332
32.126784	12.339997
25.243820	13.627364
29.362327	8.336694
26.017623	7.950545
26.803239	12.862501
31.258663	11.731504
24.552418	11.373943
24.494340	7.437031
39.076582	10.646044
39.825246	12.967636
35.536230	12.365172
17.271548	7.334427
34.397865	7.997429
36.724224	8.944950
33.294706	10.442666
29.813391	9.249729
26.486947	9.666456
30.652659	9.886530
25.343427	12.468871
35.667288	8.915501
28.876560	11.248586
39.104502	8.526489
35.486711	11.466460
30.525597	4.930712
30.810104	10.870827
30.956030	9.111099
35.713263	9.231099
33.968882	11.350371
33.444741	8.844204
34.630323	9.412725
21.117861	7.174833
40.794186	12.859919
28.052534	10.558923
35.211349	13.164783
27.051501	7.984935
29.337350	6.268303
19.657945	6.942574
31.836097	10.104112
32.102234	11.322233
28.788672	14.892993
34.836235	10.525581
30.083154	11.183145
28.969778	12.744836
27.618659	12.885882
40.531445	13.875980
29.103311	13.677743
26.913716	10.374565
27.542114	11.231946
25.929051	8.101466
38.445000	10.126986
22.790559	10.192031
35.461151	8.704324
23.633391	9.100484
36.987636	10.233350
24.269030	6.449720
39.095508	10.073815
23.606830	9.858479
28.227418	7.055893
28.290603	10.008509
32.282508	10.028718
24.660658	12.092669
33.096095	9.872998
21.304870	11.489804
35.277114	8.362285
33.959865	10.460820
27.059321	8.638052
29.120499	8.572857
30.487122	11.532022
22.967984	8.133551
28.138570	10.181849
30.260702	8.122559
34.428924	12.046503
32.528033	11.224154
26.765623	9.081553
29.083139	11.513236
31.584967	7.304031
15.065538	8.454891
26.920595	9.466990
33.640170	12.798544
32.124573	9.530684
28.984392	10.983251
26.923606	9.264142
22.318607	11.647393
26.587812	13.933373
25.267395	9.409535
31.356033	7.499561
16.486600	10.106261
34.780038	7.823703
41.307071	5.846127
32.619439	9.242610
32.374351	9.860219
32.625897	7.600959
32.290718	10.729241
33.562053	9.087455
29.549220	13.006589
34.387127	11.579388
26.854148	9.304853
36.829977	10.685394
32.675258	13.472061
36.461884	7.566744
30.464202	9.006900
35.176124	7.779438
31.145368	11.643797
27.759676	9.431383
31.352898	11.725621
24.245640	11.899433
33.670680	9.923649
30.015483	7.823177
25.739301	10.622443
17.990594	10.723219
32.009300	9.095513
29.799736	9.542110
33.566706	10.084364
29.060423	8.297182
30.240917	9.930947
32.206966	8.901797
41.176365	14.674236
27.232490	7.945781
34.852628	11.565566
13.333873	10.314807
27.794065	9.132747
30.854115	13.129268
37.833564	10.533526
33.324522	8.602737
28.213771	12.606464
23.199081	9.726037
39.888177	11.642366
22.761452	9.321483
23.880269	13.027739
26.268653	6.185018
20.230100	11.026017
24.828169	9.728034
40.385777	7.933618
24.972556	12.854936
25.654077	10.324909
26.759530	9.558453
35.521155	10.818148
25.820329	10.195651
30.204028	11.659944
31.902262	12.074336
31.336648	13.660122
32.119463	5.221779
26.235017	7.815407
24.939920	9.185024
29.364618	8.844768
36.856964	5.954555
31.197756	15.599102
35.233963	11.297832
25.229984	8.652569
25.905452	6.661926
30.195382	7.856345
37.576933	8.287739
37.370994	8.624246
25.815649	10.575371
24.275229	10.144983
27.439384	11.651565
21.865614	6.930843
27.606434	8.642299
27.135493	16.086929
23.658929	10.102115
23.696157	10.367961
21.503790	11.474026
33.225730	9.024837
32.244134	12.443218
27.473498	8.833557
33.783425	9.914796
33.244736	8.652615
34.319910	7.382845
32.258820	11.435520
35.881120	11.479442
36.116404	11.360892
22.852698	12.215664
31.341368	10.754682
33.149651	8.217735
35.741748	9.813047
30.327299	10.247543
22.875438	10.960491
36.453344	9.122723
32.381857	10.797509
24.782205	11.731855
27.666369	7.178740
24.818749	8.452129
33.767297	14.015278
28.253129	8.137663
19.902076	10.631696
31.603472	9.176737
39.289500	8.406619
25.923235	12.332704
31.514001	8.588045
29.322256	11.306310
29.185241	10.318448
34.180480	9.521943
32.899928	9.388249
26.206269	11.010232
29.847993	9.215436
37.508787	5.149490
33.036991	10.924225
33.916145	7.873625
27.794140	10.739991
31.378686	10.738746
28.594363	6.658375
20.307683	7.758713
37.820225	11.419532
30.779808	10.741882
25.934356	11.129609
25.706001	4.747612
32.274846	12.081922
23.470825	9.544126
25.527143	11.368186
40.896516	11.059615
25.099941	12.149074
26.675285	11.265087
31.550003	7.799396
30.975842	9.760859
34.218893	10.851364
35.730334	8.653759
38.539967	9.627958
25.650964	6.562921
17.995738	11.954715
24.940324	11.485305
20.018963	9.793458
31.174858	10.899570
21.918554	7.284447
30.275681	11.290429
25.460237	13.110008
32.837349	11.005540
31.780425	9.122703
26.731574	11.356589
40.226190	11.075150
30.403417	12.078478
31.019236	11.011492
32.300599	10.733278
26.947504	10.880929
36.476139	10.595392
23.576500	10.350410
25.655327	9.518040
40.129842	12.104176
31.636334	11.365395
27.265802	11.332376
35.512579	10.686743
30.149665	10.926579
30.021509	9.809998
35.207834	7.866191
25.878309	11.385355
26.578912	8.471904
29.681193	11.375420
26.543861	7.907427
33.261550	9.176320
29.508827	8.376569
37.994061	11.488923
20.944689	11.736846
22.035761	11.731677
33.523317	10.199805
32.869165	6.718629
28.023759	8.872615
34.404069	9.381664
29.494926	9.070831
32.186647	12.305139
30.005571	12.328380
25.985174	9.630240
32.718608	12.098004
31.936784	10.374395
30.690533	8.954596
41.510003	8.117642
29.324225	10.278763
23.357988	11.385861
37.004616	9.418018
29.233375	12.045984
29.914916	10.979532
37.566414	14.451106
29.986236	6.809167
30.155833	9.974092
36.649184	10.191179
23.411177	12.249007
36.404401	8.292478
28.622867	13.055094
27.860332	9.257869
30.072594	12.566597
26.682385	9.014438
34.808947	10.178891
36.045659	6.986079
27.421244	11.475853
29.742797	9.674851
31.682802	5.539571
28.103655	8.853832
30.130369	10.595154
25.635368	11.419613
28.769544	11.373836
28.781809	10.125801
28.588541	10.307636
29.856341	10.725630
26.087748	11.044306
27.666416	11.710487
30.711858	11.385416
27.367099	13.411423
27.414172	10.672418
33.393650	10.765909
44.410106	7.604685
27.012061	10.881006
38.645898	10.339858
31.549733	10.654599
28.526325	10.927313
22.829404	10.857515
27.543519	13.211158
34.082306	10.075777
28.224471	10.283212
33.123806	9.671776
35.963539	10.373695
29.672162	9.275014
23.267362	10.654905
33.424025	9.329776
25.892837	7.494609
33.375711	10.471873
34.317873	10.740370
40.636317	12.788632
30.810623	9.906527
23.199306	9.370618
19.177646	6.657385
30.015674	11.188778
30.247128	10.731698
28.505554	10.252466
31.981908	12.321584
29.714172	11.404101
34.480740	9.776048
22.900342	5.870631
27.703916	7.437915
18.879677	11.622412
28.195804	8.384714
36.313599	5.860180
33.804882	9.398252
27.067533	12.237380
27.421136	7.965520
29.629695	7.077449
35.058306	7.430381
37.552932	8.005648
36.984873	9.714910
39.863118	7.405763
28.842713	9.380680
31.090435	12.083850
30.204147	9.967691
33.215615	6.756656
34.501871	8.837826
34.094678	12.987073
23.035557	5.980465
28.478933	13.304618
33.773922	8.394944
31.246398	11.188931
26.961825	10.916133
24.972251	9.216521
30.578234	12.796138
30.783866	8.335223
24.350993	11.029463
22.614389	11.190499
40.713154	9.038856
30.854472	14.170094
32.504922	12.568553
35.834532	9.445891
25.944056	10.477821
26.351580	8.845081
37.271420	10.387101
32.687253	9.037471
29.057223	6.977497
29.888805	12.515823
31.002148	9.914740
33.915797	8.599063
17.387141	8.589531
31.316244	11.384326
34.201774	12.933758
29.241150	11.331626
30.871960	11.056392
29.254333	10.750600
33.063417	11.466352
26.664617	5.503871
25.571354	7.955539
32.828279	9.808834
26.701949	12.455420
27.907023	10.060884
27.330836	12.024929
28.734389	9.247794
24.314151	10.357211
33.676263	12.183120
33.867839	11.653032
30.487937	6.317840
43.872427	7.986358
27.822189	10.901306
25.993720	10.888612
24.292504	9.362724
25.690025	16.665326
31.562612	8.534775
28.421272	11.705976
30.915393	3.461451
30.174858	7.584412
24.586370	9.652005
30.364723	10.731005
30.170197	9.719396
29.881781	6.407679
27.595432	11.083186
29.663290	13.044242
33.949418	7.712607
36.405413	13.180000
42.072721	13.585726
33.148041	9.037858
34.010274	8.762933
27.358728	9.708673
36.140812	9.469595
31.421696	8.790796
37.234056	10.566421
27.510438	13.872440
25.479609	9.131837
31.627274	13.345637
39.254573	12.349203
28.177867	10.336141
26.958837	12.048956
18.675286	13.255979
37.300505	8.889457
39.121729	10.371392
28.939972	10.012461
25.880472	9.597832
27.262929	11.177694
31.475586	10.653284
34.511610	7.982229
27.946634	9.450510
28.434456	7.777463
25.578622	9.937230
30.330244	11.335258
38.620206	5.710172
31.115625	10.779979
39.632936	8.885416
27.395603	9.837351
29.105038	7.246258
28.760354	11.875495
25.696104	7.231233
25.338907	9.638746
24.524073	10.927492
25.698588	13.820032
30.033022	10.839239
32.297734	9.486949
28.635127	9.958086
35.120572	10.324511
28.429955	10.962694
27.056747	8.325994
34.307167	8.489287
24.551875	12.926077
34.701803	8.180298
38.387181	10.162035
27.143248	11.929995
22.714069	10.236511
28.103447	11.607748
25.892088	12.971294
31.002683	7.607003
27.806122	11.561298
26.042262	8.653393
24.197267	12.770947
23.804122	7.249983
26.205367	12.368252
39.075508	7.898406
21.222732	11.729346
26.732277	9.244812
34.385811	11.028004
31.680872	8.840900
23.962873	12.409440
19.913751	9.760511
30.877016	6.712331
27.187829	12.476932
33.441067	11.360608
32.572831	10.642858
34.994845	9.067561
30.278357	9.051452
29.578029	11.727354
36.955438	9.848194
33.433196	12.578501
32.867006	5.141243
20.180595	12.304743
28.035245	12.374630
24.018649	9.561773
32.212167	8.374771
28.049510	10.864663
34.363517	5.008112
31.217539	9.490498
32.821774	8.901744
22.033051	7.758632
29.566666	8.446218
33.583954	7.423786
35.244630	11.762321
28.204070	11.474003
19.793207	11.625114
23.878824	12.781644
32.371478	8.865699
27.050935	9.167162
32.669356	8.618563
27.703296	9.980987
29.713335	12.508758
32.574749	9.999821
24.712116	11.691952
19.096410	8.327587
28.320757	9.107632
22.709212	10.793770
29.181660	11.933199
43.941430	7.313476
22.577762	8.255853
36.509861	12.020250
27.056547	9.736929
20.236533	9.115286
34.076984	9.652089
33.192815	8.279167
38.765201	7.843213
27.800821	9.223630
30.583991	9.441830
35.381462	8.576973
30.987228	12.816040
32.494054	10.167283
38.636055	11.482518
26.749386	10.090930
25.871581	8.947375
30.147533	11.633487
31.726231	10.471204
25.581169	9.819976
25.453990	11.802041
27.093748	7.871321
40.195770	9.041199
31.680060	9.331610
30.939641	7.265572
23.168990	10.852149
33.156567	10.470921
21.692456	10.460815
37.647910	8.708559
27.555645	12.734807
25.467519	13.049973
22.548762	6.806559
32.369557	8.510489
32.995613	9.318383
23.708569	9.482257
33.261097	10.759923
31.307853	14.408651
22.523917	7.438810
24.886705	6.886553
28.488492	10.059284
23.933396	14.138184
30.168873	7.003341
28.873034	12.386140
34.576277	7.179054
24.520822	12.330445
38.081959	8.854057
32.026403	9.865886
28.574550	8.279173
41.148540	11.340685
27.932534	10.512583
30.497556	11.750137
26.060202	10.465970
37.510178	12.055879
33.216297	10.530428
28.583518	12.618431
25.817713	9.310231
27.664175	10.815320
31.024379	7.952177
35.057311	7.779671
24.546941	9.003133
31.844759	9.211655
35.675353	7.277452
26.886384	7.583090
31.768951	7.542789
24.896081	12.228639
39.285503	7.883133
28.157804	12.739301
29.325292	6.558492
31.635963	7.756939
31.098133	12.720482
27.265023	10.523508
33.909320	12.979656
34.597147	7.930279
31.348508	10.078535
25.732313	7.575894
41.948516	11.171180
29.227659	9.792264
24.620177	9.241846
30.054483	10.367761
31.709962	8.376799
36.644816	8.083865
37.307070	10.234409
23.321627	9.271003
27.995825	8.099367
17.775848	10.763323
23.303897	10.064395
23.776050	8.744902
41.719751	7.831602
23.956640	10.519316
27.970049	10.469636
39.550973	10.805126
30.978486	9.847818
36.420430	9.647139
32.042880	9.192131
28.339863	10.215032
39.643374	11.633897
32.166231	5.901022
24.646694	5.823985
32.424543	10.425795
27.713780	12.225968
28.008745	11.194987
26.674343	12.796362
32.608979	13.546206
18.217191	8.598097
29.945112	8.272611
23.412450	8.145228
31.340198	9.600592
27.357757	5.792790
32.952448	9.667554
32.940712	12.437607
30.670471	12.241705
31.902318	11.403081
21.248981	11.002044
30.756324	11.899733
24.834220	7.680549
25.756885	9.965792
32.504942	10.695050
29.732711	13.917839
34.099311	6.723190
29.648100	13.772190
31.531846	9.417327
32.537183	7.271630
27.179966	12.621031
35.103597	11.475609
24.397250	10.251115
35.057029	13.908999
23.116881	9.173040
26.870933	9.302988
23.004043	10.779472
41.420561	11.437536
21.394566	9.647961
30.197342	9.087082
32.040522	8.818620
31.226988	9.955230
35.328913	11.726698
29.911469	11.472236
33.376961	8.384752
32.418446	5.793356
31.940007	8.694853
27.511331	4.523795
41.003974	10.617277
37.385870	10.738212
22.775747	6.298786
26.153640	12.736604
37.148998	10.704765
27.760376	9.954893
27.823925	9.751471
25.823321	10.208437
20.379189	8.875684
40.154913	9.791023
31.248923	13.542632
26.259449	6.099882
49.991342	8.870401
32.021394	7.177715
23.029376	11.029549
28.173916	9.380445
29.702187	13.683087
35.552439	11.407132
32.311622	5.996591
32.109512	9.133116
36.503637	11.114877
28.333901	12.294998
25.433796	9.140267
33.007096	11.131607
32.389794	10.516383
31.607387	8.819466
30.736696	7.516603
30.482353	10.905730
27.503168	6.366194
32.713207	7.820843
30.157230	10.846510
36.292827	7.476266
24.662317	12.125690
30.771874	12.016206
35.488826	9.076642
29.078074	14.051411
30.240054	10.945207
33.435646	10.942766
34.448555	11.494518
30.377577	10.475868
30.098865	9.952693
36.576518	10.588288
32.613672	10.107737
27.350274	10.318643
33.985607	8.250650
20.084613	9.231726
25.383186	10.605434
37.290379	9.666260
22.388843	12.677835
30.865776	9.033075
27.514954	10.229912
37.481888	7.798474
30.192415	11.324072
29.346115	12.310459
27.601487	10.733770
31.978976	12.724924
28.645220	7.030525
26.280909	10.969106
29.853511	9.938744
29.438876	6.787973
30.487339	9.720371
24.128342	12.272596
28.568894	8.308260
30.287937	13.104385
22.005580	11.234546
35.169746	12.437436
29.587110	12.192447
30.328166	12.642568
30.351099	13.002759
26.179700	12.738913
29.802507	10.483253
24.354051	7.459661
30.798712	9.033112
26.947371	9.651633
40.997236	11.337243
20.754459	10.569282
40.104615	10.764441
20.373913	13.627372
39.482512	11.155114
31.436300	8.590713
31.412808	11.570202
28.272377	8.837654
36.286634	15.326787
32.581619	10.228626
32.373498	9.848046
34.511460	10.654470
39.160834	12.499444
37.250979	6.119018
31.408373	10.096963
23.353476	11.440701
31.172998	5.768363
33.451087	9.517159
28.360716	9.050982
25.449222	9.586033
40.501143	12.298152
31.786678	14.618290
33.603005	12.382128
21.790242	8.167192
37.895548	5.064836
33.943743	11.974553
31.089489	6.492767
27.444687	9.423384
28.054071	12.428125
32.649597	8.732715
31.459962	9.038979
30.574983	10.036943
47.676595	4.579950
30.094172	9.536865
28.998763	8.563579
36.396762	9.323292
24.907837	9.648964
26.380078	6.363477
26.226254	10.147344
27.360744	9.532770
27.045460	8.823605
27.347838	12.565852
30.041465	12.387306
33.040161	7.520273
28.284691	10.389892
25.448717	8.350581
35.618160	11.165816
36.917921	8.621466
33.357741	9.189590
29.080223	11.763539
31.009930	11.878530
37.155764	6.289931
28.942258	7.984394
30.435930	7.980862
31.113874	15.630365
30.781440	6.044317
21.726162	7.507364
28.439855	11.790889
38.238899	10.630755
21.789043	8.190800
26.524298	9.611788
38.746467	9.653467
34.927469	6.306922
37.788372	10.444631
29.200567	12.093732
32.605977	10.575434
33.891103	10.372947
30.378483	9.039522
29.708615	10.942459
46.054208	8.914292
23.619630	10.293049
35.059120	10.165676
18.327251	11.975476
32.139684	10.661718
28.815975	10.524518
36.264948	10.695636
34.186579	9.532840
23.071768	11.323870
29.754372	6.770597
30.582515	10.620845
29.476445	10.444969
28.323758	12.598677
27.471087	10.299347
36.699633	11.183204
23.410819	12.100536
30.211101	7.016537
37.128965	5.897985
31.046395	10.691410
36.220345	6.756280
27.229396	8.832451
31.620808	10.162233
24.952212	8.296121
30.882446	10.979899
31.354918	13.531653
34.369215	9.205731
21.395075	10.970707
28.385406	9.664578
31.716165	10.606261
34.377460	7.160120
34.834130	10.310365
27.117514	12.863153
21.973350	11.597308
33.098821	9.419729
24.327979	11.771508
33.501769	8.618823
29.485857	9.526822
35.586955	10.349202
28.428225	6.723725
26.313196	11.955066
21.401522	11.130794
31.630882	9.858727
39.134742	9.116517
27.143884	12.221523
31.197005	8.123955
36.845504	8.897401
35.254888	13.071879
20.672808	10.841369
19.741849	8.693097
26.369150	8.391199
27.977616	10.808641
26.122635	7.103843
34.695984	10.773205
30.501107	11.689203
30.291598	14.558599
19.927106	11.857962
33.760667	13.300873
27.357175	6.848872
29.578264	10.126788
23.923649	9.891847
26.802673	10.700530
26.353555	10.142397
25.421446	8.572641
29.602257	8.107300
29.913905	11.430729
25.764722	7.376632
37.309242	11.587030
24.647172	6.981006
23.313354	10.970583
33.043525	10.826990
30.855756	8.291028
31.142213	10.818195
25.285461	8.770341
24.328867	8.874458
35.596633	9.975721
26.867117	10.259060
33.024328	10.760534
28.197478	9.018895
29.844203	6.740737
30.532395	11.699438
35.740568	12.826166
34.858318	12.140997
19.642532	10.616140
28.577940	13.043847
28.480243	15.481918
33.181182	7.169536
35.484938	8.388522
34.062767	9.495725
28.496064	9.464336
22.466653	9.625936
31.724583	9.544031
24.621152	12.827591
31.852103	9.252279
37.538307	8.274750
21.185490	9.670164
32.036020	6.878641
33.012883	9.280059
18.761552	10.957337
37.816083	6.299918
28.461528	10.987434
34.426391	10.365811
35.308568	13.603734
32.347155	9.876078
35.331915	11.215515
29.353686	6.524335
26.651979	9.389795
29.442951	10.316588
26.876240	8.436783
34.212870	7.568925
26.087435	10.711815
34.668726	7.795222
28.039113	9.277744
33.439080	10.095951
32.933075	10.193036
29.489607	9.312936
24.393107	8.606859
25.984272	8.748222
29.289818	7.901215
35.105974	9.758080
31.175687	13.642063
20.571574	7.213955
27.076811	8.681297
41.799298	8.645505
30.366029	11.650313
33.132589	5.915990
24.730822	8.349151
31.634299	7.038036
37.528693	11.624866
31.015899	7.057165
34.406041	8.486867
40.061047	7.309401
35.465521	12.546342
34.467471	8.331814
24.271680	9.499042
32.831002	9.396343
36.918656	10.776225
29.193189	7.988514
27.414308	9.364227
31.660258	7.029057
41.268040	6.879582
36.924775	11.181384
31.155485	10.516662
30.421185	12.389293
31.437916	10.470186
28.180755	10.739494
35.042914	9.792472
29.540364	11.449176
25.891887	9.608053
30.822383	8.272551
30.109639	13.972995
30.620864	11.122364
21.170407	13.569662
28.635677	10.436214
33.770489	8.025808
31.941893	13.714928
33.602495	9.178234
29.386727	6.117512
26.174144	12.156432
15.999348	11.398085
29.931121	10.316230
39.256712	9.840261
34.390171	11.053224
33.330054	10.250942
24.756455	8.336146
28.254231	5.320089
23.993554	12.814466
35.944104	9.760377
33.611746	11.813901
31.997779	12.360200
37.112134	9.639979
30.696687	12.631648
27.690154	11.187342
26.268576	11.525748
29.556664	9.241202
31.063786	8.056505
19.972711	7.764106
37.430821	11.131506
34.893511	9.833951
25.761035	10.758610
33.244799	10.804037
35.118917	10.239141
29.632962	8.377701
25.607215	9.798913
33.223828	7.256218
24.121620	7.854387
37.145777	12.758682
28.478409	15.292834
28.524528	7.139772
26.306695	10.915201
39.486422	10.136552
38.882588	9.586677
25.948051	9.096206
30.449631	13.503959
33.119940	13.080549
29.819616	10.912988
41.666808	9.560086
33.045150	8.372060
28.199343	11.813986
37.255981	9.554407
21.162824	8.844056
25.406152	12.120289
28.913906	12.069838
38.058056	10.208357
29.195803	7.677839
31.362533	15.062947
27.487965	6.897327
23.231001	12.909184
28.794890	9.484551
27.335120	8.568015
36.010377	8.358690
41.202842	9.296538
24.665971	9.283870
31.246203	12.113642
41.019560	13.402706
34.473986	9.752658
30.362487	9.539949
30.402765	13.132594
42.844580	13.365523
27.290457	8.571458
30.800462	14.414368
33.298665	11.193476
32.378057	12.666202
33.118730	8.507911
30.708546	6.255636
42.317218	7.186200
31.608535	9.681777
31.277886	9.774970
35.947973	8.916462
40.729975	6.845427
22.527134	10.843577
28.787875	11.860094
29.416103	6.263666
34.228804	10.580397
27.447847	7.658168
32.617073	10.194257
27.289549	9.594457
28.306394	9.282549
30.455188	9.280037
33.153412	11.240180
30.181470	11.853831
23.792336	14.391100
26.562156	11.415277
34.252542	12.592952
23.695724	8.422222
32.058704	11.108902
28.373527	11.948357
33.350063	8.853701
30.044698	8.981217
35.951898	8.710639
20.542785	8.675360
31.349041	9.238598
24.793861	7.801864
35.090433	8.768570
35.599289	8.429955
21.851692	10.632947
27.394488	8.132505
20.685542	10.193858
27.054188	11.319292
28.579214	12.559396
26.176717	8.207489
36.285864	8.914064
36.890234	11.554881
29.966171	12.806553
28.960886	10.525655
24.484423	9.562927
35.597552	11.265427
34.479652	9.960721
31.586239	10.015944
34.335180	12.924783
26.215454	8.298808
18.401262	9.130243
34.244548	12.743365
33.531484	4.969951
29.945775	10.091570
20.659974	10.837050
19.465708	8.732847
35.385841	12.264031
26.123195	11.132494
29.643741	5.283031
36.576770	13.798474
30.073152	10.283773
36.080046	9.191235
32.836981	11.098106
28.291324	8.278785
37.944437	6.915904
22.535185	9.205206
31.734593	10.854294
26.264224	8.007097
28.443281	8.060949
16.896464	8.882284
22.828215	8.128200
28.900375	12.394350
24.075341	11.467695
33.693637	8.478935
28.070605	10.820888
39.068874	10.301849
27.128759	11.526085
28.004501	7.428958
27.493621	9.421226
35.548267	9.409028
28.934744	5.998249
22.379011	11.265356
21.860103	8.204304
36.495686	4.869052
30.080570	9.545342
27.972005	13.086697
17.051558	10.400676
24.253006	8.679178
24.561235	6.383846
28.268519	13.825337
39.474778	11.052374
21.697082	9.063986
30.819771	7.615974
28.346677	12.405312
45.079843	13.240652
31.629356	7.359301
32.257420	12.349887
32.270329	11.877068
28.442601	7.828694
32.978744	12.406309
25.111750	10.023095
28.522879	11.299359
30.763956	12.517931
30.804086	13.626082
40.672935	9.370915
33.636636	13.120258
26.082843	10.674207
27.449166	7.357387
34.816693	13.016129
26.250433	11.668621
22.004718	9.147752
35.047395	9.322907
41.632728	9.034228
28.828769	6.211762
22.025099	13.631769
29.151440	8.511518
29.420155	10.243133
19.782038	12.738819
27.923687	8.486193
31.335891	6.179640
33.096542	10.406684
26.810688	9.129331
29.672273	7.859138
30.769528	9.726919
36.098671	9.384823
23.424814	11.326641
27.794057	13.612946
26.133015	10.650461
22.182777	7.399927
36.048511	11.014483
33.498175	8.604831
28.297816	6.251306
34.707810	12.305018
37.539626	10.414621
34.231063	11.186232
29.714101	11.253157
28.124943	12.148473
29.898415	9.183101
23.115212	10.690338
29.789097	8.029827
34.799777	9.165916
21.106301	9.504746
22.669986	12.411048
28.184868	12.185116
25.469571	10.667793
28.664038	9.049273
33.404864	7.723039
29.677161	8.980236
35.693280	14.068166
35.909347	8.303331
26.509582	12.595370
35.276157	11.321959
29.637592	8.826043
28.297992	10.960316
28.946686	5.229450
29.740655	7.525775
26.524034	9.886340
31.182236	8.717378
36.823303	9.309824
24.971795	10.127459
37.105380	11.808167
34.411012	12.247055
40.199425	12.438096
25.336712	10.034507
28.001876	12.347201
29.352211	9.993546
25.244411	10.609781
27.190720	9.561901
19.196660	12.642416
27.324768	10.973583
33.175401	9.527879
32.333488	10.996706
31.816323	8.116666
30.250485	11.780441
27.436579	13.738123
39.573621	14.777513
31.341552	11.028199
33.304422	9.226111
34.558637	12.340924
20.632953	6.255946
28.524255	10.869340
36.841714	10.813797
31.601665	13.311374
19.791019	9.720636
36.262522	8.466830
31.681060	13.548854
33.944341	12.323921
32.728236	9.981158
31.316309	11.771103
32.143205	11.267416
28.563179	7.508846
27.406290	10.025284
36.526551	9.036272
28.204221	11.695108
25.850044	13.268882
30.009205	8.430944
28.362107	10.021306
28.182970	11.079584
32.021331	9.452566
23.617158	11.159287
33.165558	11.438967
36.515506	11.962427
26.253034	6.051038
30.490954	12.723838
40.535307	7.802680
35.205874	9.657364
22.360197	9.738634
34.996835	6.128519
30.076515	9.687238
25.167286	9.607586
27.129109	8.885371
26.890175	6.890474
29.317068	5.851031
29.896493	14.861985
27.724412	8.887734
35.737003	8.100461
33.718978	10.052547
33.312770	7.505706
25.176652	8.174437
34.100896	10.858106
34.654432	10.958460
29.810091	6.433484
36.545105	5.505868
30.621348	10.108254
23.515644	5.426587
27.502261	11.468933
26.840394	9.085523
28.593224	9.728510
40.759022	7.593075
25.448563	13.467708
35.653043	9.294680
25.021260	8.792337
34.924527	11.866060
34.426994	7.346971
31.332745	9.199575
32.252469	12.758545
35.189808	12.806150
28.835984	11.109675
31.055880	10.795895
25.546013	8.401354
29.922399	7.248679
27.736341	11.012936
31.382926	9.877248
42.545922	10.935131
30.380730	10.540899
40.887373	5.001627
36.827916	11.105381
28.978429	12.980198
29.618326	7.885900
31.859264	12.355591
31.526192	9.479214
28.717182	7.165712
35.785988	13.747578
34.311020	10.773230
30.229221	8.371514
31.820819	8.060106
28.156925	14.182005
32.772700	10.112789
34.947455	9.815538
20.112109	8.860546
25.401791	12.155459
23.276957	9.892762
23.195906	6.886759
31.868309	9.393918
24.235340	9.527842
26.768121	10.283490
34.777550	8.347092
26.209172	7.044525
23.293796	12.887227
22.116810	9.903488
30.437761	9.042499
26.679604	9.273073
28.806866	10.009454
21.965053	5.615439
28.171644	12.249951
24.507243	11.312102
18.655275	13.331252
35.726154	11.232991
25.641746	11.150193
23.164917	5.801431
18.806048	12.942867
39.564587	10.810113
22.308137	7.504656
32.153434	12.303704
23.918540	6.957558
35.621273	11.439412
29.970969	9.831379
22.986118	9.992194
25.120641	11.720288
31.584760	11.052235
35.095899	3.253325
20.033221	12.478591
25.412278	10.965624
31.190623	7.881116
32.024938	4.247796
41.824655	9.441158
31.420467	12.413165
32.818622	14.355931
27.123050	10.274721
35.662162	6.341562
17.699324	9.055481
27.927379	7.881749
18.940105	8.549605
31.152592	10.410410
22.286426	11.436111
36.804549	11.127982
41.835388	9.003320
24.043239	7.391377
26.410521	8.303726
31.719979	8.846633
26.388184	8.881869
25.536060	9.349767
42.239538	10.299050
34.293243	12.041291
31.349869	10.816129
34.061361	6.642469
29.767780	10.996948
27.025415	13.241802
26.135415	14.106673
30.682926	10.438048
31.518141	9.948431
27.262568	10.490004
30.822558	12.548359
26.000191	12.309591
30.545378	11.612570
39.555742	12.197000
26.639741	10.088306
35.221121	12.314394
30.344548	9.006705
31.653691	8.424527
29.296558	7.715602
27.136391	10.949786
26.093856	10.532964
31.893580	9.912315
36.490910	10.755561
33.153364	4.753203
31.063385	12.790750
26.635055	5.881350
30.609851	7.308842
25.306913	9.473242
33.546407	9.438378
33.659352	6.345390
26.586086	15.325016
27.918088	6.318078
32.384351	7.831916
34.408275	7.295552
25.651710	6.633431
35.533492	6.926894
29.100271	15.101122
24.605498	13.466005
21.068248	11.663488
19.145593	10.024898
35.775753	11.763132
26.463860	11.666334
21.120907	7.480810
21.770875	10.982629
28.053626	9.560656
28.384525	7.071603
34.925649	12.459851
28.633386	6.656546
28.908327	11.073064
31.810879	11.724324
27.596333	8.744501
35.359780	11.606129
28.975713	13.009188
31.697434	9.085226
34.418625	10.036055
22.945998	8.582756
24.299708	9.734085
27.726413	11.832713
32.299455	9.960680
26.133658	5.052211
22.428872	8.483386
28.113691	8.414262
25.703524	12.010792
36.333075	9.617418
30.705158	6.077957
34.370462	13.446765
28.187119	10.991880
29.261759	7.267852
24.119760	10.523514
26.047725	8.159310
41.380009	12.629079
27.843258	9.296025
34.456714	11.724897
38.025742	9.059698
31.103927	9.049757
26.222717	8.208243
23.645405	11.263717
33.650354	9.514623
38.041662	9.367905
34.804837	11.391865
40.556261	8.019077
30.534028	11.361586
19.346182	10.191014
33.280728	8.329182
27.565881	11.986557
18.252414	9.535281
30.193409	8.527838
31.154655	10.362735
36.367850	7.911478
29.320647	13.072434
36.711744	10.914769
24.224912	10.427297
21.244336	10.757118
27.770565	7.585659
27.741280	9.894713
26.573337	12.691647
37.756630	6.091889
26.235830	11.522644
28.492080	11.261059
20.290987	10.717524
22.631829	12.845692
33.379494	11.148751
23.216660	8.659808
14.318823	15.084736
36.542764	9.191564
28.810455	11.070383
32.464518	11.809628
19.907276	7.670478
18.975571	8.116436
31.383904	12.617556
23.736642	10.667185
32.827092	7.945030
31.988111	9.966451
33.620855	10.331549
38.717654	10.800600
42.232992	11.684360
41.138436	8.616573
30.716114	10.960755
38.350792	7.682304
27.970687	12.835982
33.701739	10.420034
30.489016	13.736169
23.056934	10.538401
20.806443	8.054749
27.889721	11.818046
25.726757	7.609298
34.935435	12.194647
27.492032	12.100279
28.360003	13.751705
31.371736	8.251259
31.961368	10.729154
39.048469	9.062118
32.776753	8.900520
22.386668	10.839578
31.316915	12.015326
23.774552	9.724301
23.024800	4.041658
26.531887	10.223952
36.158754	10.128874
29.609481	9.561276
19.402955	11.919779
19.555183	8.152770
29.558642	12.128860
29.258893	8.302499
25.161183	9.611278
22.200072	11.207624
24.465546	10.646910
34.246742	8.496574
29.741804	8.878991
27.614433	6.551896
30.329054	7.312289
24.655652	9.417679
28.711652	12.584816
35.840412	11.485586
27.721387	11.471597
38.762116	7.785594
22.196402	11.973815
31.013593	9.854013
27.371364	11.777559
22.263113	7.735536
25.113736	12.261917
29.246971	7.915960
19.379482	11.464449
26.292171	8.958270
29.383400	11.660407
36.448948	12.360052
25.256505	6.901589
27.330088	11.683766
22.781696	8.122112
29.030120	10.003643
32.899883	10.002169
32.638269	5.490032
29.111053	8.467415
30.154533	11.743862
30.375832	12.489316
31.723718	8.004629
34.873001	6.760408
30.178198	10.080491
24.886345	6.688787
26.194245	10.893557
29.089781	11.946429
37.475680	9.888705
30.814666	11.552854
30.097003	9.931383
28.251801	10.221534
24.468433	9.885429
26.855045	12.299148
37.425084	12.964235
20.498002	10.883897
28.290422	9.955241
26.436420	8.077779
24.475939	11.742696
20.142146	12.978617
39.823378	10.226536
33.968473	7.709330
22.481137	7.747471
30.563349	10.380741
32.201623	11.349399
29.264737	10.765339
26.610975	9.248625
30.988041	9.930859
27.529289	8.958988
26.451297	13.160535
27.465553	9.362862
32.478553	10.513804
26.907458	11.233696
36.254872	9.530747
