5.306119	-0.142953
7.407986	3.146951
1.827101	6.804574
-1.838174	4.587147
0.737089	5.070617
3.815207	2.014190
-2.326130	4.577634
5.120071	4.566583
4.651779	3.712713
2.562112	3.018911
6.054193	7.757855
7.720946	10.416720
2.992614	7.057327
1.602150	7.475337
13.140905	4.792687
10.851209	6.724587
-2.961498	3.138094
12.384519	2.704925
3.869214	2.118803
8.198517	4.622141
6.011928	3.311341
-6.310815	3.061018
4.393899	5.259346
2.527284	3.300102
-3.576512	4.825603
10.414725	4.911336
6.786503	1.613956
6.721183	6.888305
7.681044	2.119347
6.306574	11.866034
-3.981949	7.015401
0.566555	4.300930
2.463206	0.680980
8.969453	5.572300
-2.048369	4.215912
8.395388	5.801351
3.560592	5.832766
2.410101	4.951596
10.230179	2.621204
0.182498	5.628055
-0.944670	4.536304
3.003923	0.076617
10.556203	3.490215
4.561675	3.286437
-0.964261	3.438130
5.800294	3.787220
0.032298	4.806616
6.451859	3.536473
4.967704	6.681024
14.638316	8.464970
9.711419	3.204436
5.200058	5.462202
-4.513752	4.289217
12.236834	4.479830
11.843594	9.670415
-1.208672	3.845676
-2.814077	3.857217
12.732717	5.775559
12.266513	8.467168
-0.979227	1.484560
8.130645	3.832155
-0.638794	4.066934
-0.958565	2.864150
8.496181	6.407770
4.215909	2.928215
1.751635	8.696249
7.409083	1.815768
11.589897	2.988408
4.387259	6.722309
7.022598	3.964464
1.827382	2.994450
5.093521	5.047502
6.084821	0.804240
3.489390	6.510903
6.943011	6.222934
7.665929	6.907156
-6.860089	3.632472
7.971016	8.293807
8.318223	4.779984
-3.237614	5.428047
11.593078	6.066612
-2.619824	6.348605
2.321475	5.583238
4.543120	5.669598
-1.545230	5.517304
7.547757	6.424718
-1.833248	8.509373
2.026301	4.876249
10.787725	5.640916
-2.718994	7.660798
6.599634	-0.858793
-0.161046	4.551503
-0.093271	7.755622
6.324200	6.198534
-4.816903	6.109006
3.335878	8.734992
-1.575259	6.023680
6.694711	6.036418
12.645418	3.205528
6.845531	7.572168
0.148651	4.466666
1.093478	6.991803
-1.442869	8.013280
5.945655	5.038928
12.378440	7.172930
4.914253	3.834501
9.150485	8.809902
6.663482	3.195219
6.684567	7.676989
7.183009	8.644346
3.655018	4.066685
8.075251	4.998630
16.210392	4.433910
5.289904	3.824539
-3.916911	8.918751
10.045088	6.979821
15.442542	2.290386
2.655133	1.520142
11.737561	5.528519
-3.258837	8.682402
9.244174	4.742403
10.137039	2.724577
4.198314	4.033702
7.867377	6.026394
7.611445	4.626213
5.720390	2.177333
3.488144	2.030969
-0.238240	4.238150
9.308485	5.964692
6.817628	3.024289
1.795831	7.528736
3.805320	2.635509
-1.184326	1.712950
-4.794390	4.772246
7.530640	7.307122
-3.237444	7.398378
-0.538830	3.955449
10.049758	9.667023
0.860778	2.814300
3.719439	5.727624
8.790825	7.717892
6.781895	4.136701
-1.118909	6.085494
10.539887	10.079774
7.096298	-1.504655
5.586063	5.895661
5.961458	6.869976
1.428862	3.819754
4.965316	4.210469
6.055922	5.895799
3.072156	2.770320
8.040004	6.309160
16.069921	8.380972
-1.825606	3.641899
0.320088	4.412816
6.407020	11.036469
-0.802638	7.553312
0.420356	4.102226
-2.945660	7.702034
10.136438	6.389319
7.291191	1.774826
13.762406	8.664583
6.546824	5.234541
4.870844	6.248503
4.803151	4.570807
-2.324717	5.526459
2.431030	5.790095
14.948190	4.671269
4.075801	7.033801
9.240471	6.423448
8.437049	2.967123
6.721511	5.479931
4.717370	5.584243
4.907820	6.398220
1.780168	2.723763
-5.672907	6.852834
1.451935	7.765473
5.285295	3.151628
3.699111	4.040710
1.099859	6.256481
3.863430	3.957017
14.501872	5.373215
4.171399	6.836407
-4.202450	0.944074
11.627114	4.245188
2.419555	2.257802
-0.321522	8.089212
0.573818	1.979309
0.490836	4.209955
-1.144666	2.137093
1.004329	6.886319
-1.730414	2.641274
4.685195	5.187866
8.967801	6.764992
6.793309	7.477953
6.908850	4.852020
7.670194	8.158395
13.018334	4.915208
3.530896	5.678016
0.000056	2.349521
5.935761	4.743312
3.030423	3.592561
2.530814	0.418023
-9.287542	9.149272
-1.293513	8.305549
-7.247610	3.733881
10.890349	6.136498
2.817117	8.411429
2.429502	6.156873
6.791174	6.627394
7.175522	4.111428
-1.589392	3.781872
9.472720	3.514962
10.861657	1.698375
6.526931	7.076796
0.384873	2.527770
4.829140	3.599606
4.791882	7.160478
5.167798	4.456307
12.992849	8.901245
12.089521	3.481465
1.809794	4.348255
6.055451	5.445467
9.725386	4.950776
4.984254	4.522807
11.386764	4.020646
8.886117	5.421543
2.952055	1.299053
11.008770	3.983629
4.385258	6.208134
8.426832	2.003919
10.446763	4.256907
6.675497	6.096364
9.684801	1.032438
3.659625	2.913909
4.984922	5.724933
9.118175	2.523580
8.895774	6.063685
0.279443	7.066742
-5.762419	4.110718
3.805776	4.075059
3.345860	1.664640
-7.568467	7.142266
18.825286	6.806416
3.339878	1.837608
-4.311088	5.668777
3.707967	6.616445
6.163783	6.335670
-1.877979	3.220482
7.359743	3.667924
7.024269	5.276619
12.260055	3.887137
9.637944	3.606967
-2.010922	2.758297
1.781515	5.849903
4.589885	3.144773
-3.135075	5.749863
14.338925	5.716944
10.202228	2.895861
5.514306	4.621943
2.945833	4.860832
6.480588	6.839693
0.696386	4.983501
4.381493	6.661959
-1.135417	9.213980
-3.415339	6.423965
4.085584	6.367761
9.793582	5.826505
0.884280	4.706236
14.834074	3.860587
0.512950	4.189382
10.229321	7.536869
5.161775	8.345261
-1.610322	3.180131
13.789728	5.482985
5.542342	5.611190
-8.238953	6.106304
9.104314	3.870057
11.732215	5.434944
-5.141699	6.211482
0.405997	3.856268
2.856280	7.411606
-0.243546	6.562591
8.092313	4.039694
7.538462	7.596107
8.897234	3.902680
6.713347	3.663417
0.503356	2.269776
6.763875	4.068125
11.809003	7.613473
2.493218	4.910634
3.666510	0.881163
2.659128	5.091279
3.469453	8.457872
5.084655	7.494771
5.952915	6.383719
-0.968149	4.209000
3.117556	7.437376
-2.615119	7.474679
7.391533	5.410689
3.635794	7.092677
-0.444226	4.894188
9.515361	5.068106
8.136570	8.183358
5.946723	2.492387
0.716248	4.319462
4.680413	4.741833
4.665978	6.190463
6.233169	1.934910
16.963380	7.401891
8.261683	4.055433
4.940105	4.961464
3.081443	2.267190
5.763227	4.297743
3.194590	4.418335
-2.021859	6.241295
3.627524	5.538549
10.018678	7.128451
2.461564	3.232165
4.400020	1.266670
8.973575	2.334270
9.549212	4.922555
9.483925	4.679654
4.010105	4.106880
-2.190711	5.965985
3.321599	3.556071
-5.022533	4.621413
10.275372	5.350657
5.754877	1.727222
8.666404	6.350608
14.872151	6.436815
-7.220431	3.757984
6.753384	2.963278
4.602589	7.140664
10.126377	4.828682
12.168802	5.258153
14.776438	7.383489
4.124886	4.748643
-0.740012	0.886247
5.394404	6.040145
8.425945	6.513342
6.011027	5.433579
11.885531	8.031364
6.046148	5.713700
8.009984	5.752827
3.961875	8.268922
9.990372	7.392514
8.633630	4.335964
-5.293061	5.675949
-2.803767	6.595713
-3.061911	3.197117
7.562065	5.085244
5.987245	7.345141
5.973562	2.940629
6.535873	6.427192
8.999853	7.383300
14.500271	7.728380
11.988761	6.106948
12.784884	5.050921
0.105861	5.720740
4.411811	7.472231
2.030106	5.356547
11.807134	0.547326
2.322832	8.984114
5.918966	6.252660
7.313190	3.735378
4.295693	5.732079
-4.505803	3.238101
-1.284921	4.824384
8.211085	3.254127
7.207051	11.009963
14.784015	6.349567
10.348641	7.687695
-1.055742	2.562779
10.174754	7.401290
3.511504	6.735535
-0.070868	5.608514
7.202096	7.906951
6.218881	4.176062
6.226444	5.278642
4.668037	5.306521
4.008435	6.134428
11.813269	2.862258
-2.827453	5.567866
11.763741	7.359478
8.367911	9.267349
6.991305	5.348762
9.781951	4.331295
5.680679	4.434649
-0.999382	5.516002
-0.646577	5.127938
4.846200	3.969356
6.793069	2.322309
3.387164	6.512453
2.597136	0.706164
0.664889	5.140660
3.060367	1.758900
6.089672	2.888760
3.075231	2.866284
-0.822424	3.996746
-1.307810	5.703901
8.135676	8.196858
13.344844	6.085778
11.734609	5.117839
11.348510	6.578757
4.799159	6.339675
4.167201	6.386966
9.930108	1.138838
2.826919	3.627291
8.688649	3.224308
12.922042	3.804210
5.330742	4.492167
6.211750	3.591564
2.107641	3.625612
5.204219	3.959798
-1.687981	2.888996
7.809203	3.590444
4.574635	4.521340
1.523766	4.840358
9.876734	0.430298
6.284600	8.557963
9.248300	4.748856
1.232994	1.489443
15.770663	3.888274
4.784769	5.740781
6.781559	10.284182
12.864279	3.341508
4.869239	7.974639
1.389931	6.776300
7.312304	3.997610
5.143033	3.097741
4.432237	4.803622
6.965467	6.009871
10.966487	6.404574
-2.648574	2.188787
9.271901	6.195326
5.839266	1.682727
10.565516	3.728629
12.965753	6.442252
7.832215	5.186130
-8.589740	5.516682
7.215612	4.574202
3.703595	2.564456
-0.890969	4.846130
6.298879	4.350305
-5.339215	7.074904
6.879442	5.644345
7.022296	3.371195
11.555221	3.264870
-0.000758	4.375099
-0.151196	5.418749
1.486560	6.345602
11.278358	8.191995
-7.248130	5.611295
5.504892	3.872002
1.691861	4.477805
-0.767936	8.393672
9.612531	3.119994
9.782401	7.810709
-0.123426	6.232208
5.500376	3.755961
4.288528	3.507716
1.501816	1.214941
-0.314277	6.563840
5.359657	5.927530
-0.214047	2.842546
1.808577	7.948318
0.395380	5.820294
-2.553939	8.452555
2.996116	6.134810
5.776741	6.162547
2.182822	4.231458
7.248595	3.747161
2.327320	4.476262
7.288268	6.387017
1.690443	2.260991
5.177601	1.740488
-4.160273	9.480717
1.540131	4.850664
7.980860	4.305823
6.059331	4.176873
11.669053	4.402787
14.174309	3.786220
5.335116	5.428302
1.173606	3.897267
1.943736	1.072031
5.645020	2.980129
9.138678	5.029337
0.861534	4.281860
14.272909	3.668623
13.662452	6.227485
2.700583	1.748395
4.804508	5.655759
7.895084	6.131392
10.273245	2.888336
-1.911188	3.427620
2.227619	7.038640
-0.708006	6.371646
1.486961	3.318898
11.710590	6.476800
-8.971135	1.182295
1.334006	4.913696
11.128119	5.490223
8.951516	7.519421
12.779579	5.936359
9.508845	4.853592
3.740878	5.138013
9.603563	4.430940
12.504065	3.250727
14.875929	3.635308
4.730262	6.425322
6.712886	2.815871
7.772158	6.096467
6.569232	4.895253
-0.126930	4.136268
-3.086576	3.280576
-1.908000	4.896473
5.390469	6.215743
6.531943	5.569938
13.452774	6.348161
5.730445	7.314344
5.565563	3.798103
10.434867	7.151572
3.271229	4.647544
6.640313	8.066854
5.882166	5.365663
-5.946660	7.574711
5.034917	4.144949
-1.042827	3.592789
-3.266754	5.742929
3.963851	3.614909
6.051534	6.479590
5.954597	5.069995
4.177624	4.043868
-5.067900	3.260703
6.262310	7.577411
9.454320	4.931526
6.519556	5.305392
14.125917	-0.037736
9.599617	4.928471
9.057578	7.710362
-5.073890	7.506030
-1.106879	7.310611
2.581398	5.720212
-0.183846	8.019835
8.437850	2.820424
10.528752	7.800071
5.651202	0.380181
19.670580	5.225308
2.590274	4.801609
4.660460	5.087534
6.614241	5.363413
8.818436	7.071164
14.319723	2.854054
1.065407	4.217198
20.513981	5.844366
-2.242098	4.829175
1.112084	6.027203
-0.986448	3.563298
-3.535336	4.191712
10.369665	4.830388
0.578916	5.830521
7.036688	4.717053
3.257951	3.070342
-7.100697	2.861932
11.244745	5.408646
15.252194	4.930816
3.389325	5.536260
1.998409	4.502556
5.305322	6.031798
6.963718	4.625447
1.107111	7.520140
15.793849	5.679648
3.349493	5.927662
10.152938	3.335912
18.181928	6.780243
11.620710	3.835310
2.109815	4.051962
7.179062	4.454692
-4.536552	3.765366
-0.525388	10.653600
9.118912	2.598962
-3.417205	7.065249
4.921595	6.112870
5.926896	3.477335
7.461936	5.887031
7.225842	5.659982
8.310241	3.257940
-3.125310	5.261634
13.629450	6.465994
3.112193	2.874329
9.564220	3.820616
0.342671	0.825365
7.774606	6.127954
1.611888	8.035091
-2.323920	3.641457
2.345705	4.369597
2.138829	8.565328
0.232920	3.979960
8.258919	5.588693
8.251427	4.029640
8.137230	8.120080
8.628620	2.059410
8.461592	6.156105
-1.732072	1.533586
2.812701	7.556421
0.941082	6.456930
8.426713	3.871448
8.291622	6.049540
11.933657	6.538574
5.295080	6.242401
5.937393	5.994676
-0.895806	5.614262
8.213292	1.614480
-2.137121	4.965668
-6.447817	4.893701
6.847723	1.274785
7.053788	7.797406
4.406911	9.876656
7.851085	4.779972
3.373576	6.290291
2.852083	4.352907
-2.529639	6.047277
1.950080	7.773984
8.061562	4.114666
8.409727	1.261076
5.082486	3.311622
12.730763	2.070539
-2.083050	2.491529
5.918692	1.725802
2.651050	4.144368
0.279528	6.459505
12.293296	7.364557
5.187206	3.927627
6.011692	0.951417
10.907056	3.522174
4.703123	7.655830
1.743793	4.208629
-4.257677	7.181859
2.986851	4.700628
8.390527	2.139273
8.000810	6.274258
-1.429527	7.567695
-2.065446	3.565874
4.770205	4.439547
2.397600	4.304517
0.147338	5.226858
4.607385	7.407234
9.348262	7.309963
4.608172	5.873832
1.986080	1.837901
7.899815	3.201509
7.817812	7.047400
2.922178	3.221602
8.370860	3.397404
7.614618	3.775051
17.451765	3.830123
4.516239	4.889065
-3.800380	4.012894
-2.418723	3.229428
9.944325	6.264302
10.213952	3.527048
10.396066	8.859767
-3.552845	5.205933
7.732968	9.088937
-3.150576	6.400989
6.353848	2.391319
-6.776558	4.884071
5.329429	5.397195
4.196152	5.163532
6.426643	8.295369
10.057407	3.404103
1.615609	4.512711
0.941006	4.625518
3.592856	1.368980
-2.176179	4.531234
-3.589694	4.760528
7.895275	6.060948
6.753847	3.387098
5.745820	6.815899
6.464083	7.049792
10.584089	7.044454
7.326041	8.408285
10.604083	5.336785
9.164903	7.995655
6.589099	4.637777
9.093776	4.455193
7.658808	7.487184
6.933025	4.293707
11.885551	9.600330
-2.412568	6.423037
3.300271	5.171216
5.793649	4.688376
1.499507	7.147679
3.558920	5.614552
2.972775	2.152601
4.446731	1.737963
0.696333	7.107584
4.931462	5.472213
-4.323395	6.751213
5.343645	2.540540
-5.368616	5.119691
15.206172	4.088076
-1.010458	1.023492
4.819214	5.113423
12.853115	3.290865
2.270252	1.837523
4.217224	5.937584
3.601937	6.040342
-6.347215	-0.433221
5.611180	5.646573
-2.878193	6.125692
3.610904	6.271097
1.124601	4.095148
4.782261	3.866009
6.468872	4.214445
12.634135	4.541135
6.688564	4.989318
16.604905	7.572109
6.865774	5.712528
-9.054431	3.081018
5.813571	3.354835
-0.225637	2.348316
3.966495	5.209216
10.878216	5.383226
-1.302921	1.530136
-2.679975	4.947434
3.633335	6.512791
2.475567	5.028138
8.773150	6.239130
13.241377	9.126077
16.419129	4.380858
6.644010	1.569580
4.772816	5.235885
2.430795	2.952304
12.997298	5.166382
2.785088	5.655128
7.823637	8.032309
-5.921250	4.843236
4.586465	3.687493
2.398898	3.378870
12.465417	5.957782
7.227713	7.742162
5.543667	1.840774
0.088630	1.529098
11.300170	3.638135
-7.147247	4.532518
9.353436	1.629161
3.648529	6.277328
8.808695	2.982363
-6.067584	8.658698
0.246138	9.022052
-2.408311	3.992880
9.729898	4.581779
9.678448	5.248329
18.069674	3.174356
14.758982	4.559485
0.709625	7.021911
8.380348	6.086976
4.825155	6.008097
10.098984	7.195324
6.652006	3.513604
11.893920	7.401667
-6.569980	5.567128
8.594887	4.299539
10.479524	2.364427
6.329263	5.424300
7.799406	3.104565
-0.479985	3.783291
2.022589	5.329721
0.190112	8.020492
-0.330698	5.655593
11.004132	2.563887
4.565260	2.628815
5.387543	3.112926
10.733126	4.494168
11.976644	5.655084
6.088101	7.347473
-7.262603	4.420504
10.415625	0.727411
4.854115	4.674757
7.481383	7.859877
1.227103	1.309889
18.718796	6.568267
0.294906	7.107197
12.139372	5.451243
17.275785	3.943272
-0.153964	4.208429
7.994592	8.992037
0.955421	4.109332
11.712944	4.327167
10.532070	11.130025
12.797118	3.307112
1.187436	8.675577
0.268200	5.467739
6.262771	4.617802
0.444853	8.820629
6.422126	7.471494
7.196710	5.978411
9.087504	8.408179
1.014166	4.800543
1.596038	5.743164
5.039666	2.780919
-2.311267	7.440629
-0.823363	0.672091
-1.951560	6.011429
0.889763	2.622268
-3.641733	5.724998
-7.632116	11.151152
-2.286564	7.371594
2.638401	3.393832
-1.149305	5.365780
2.027937	3.069924
9.835694	8.421530
7.898988	0.162062
4.385815	4.196289
14.250960	5.661883
0.840291	5.440550
11.730897	1.962861
8.176407	4.514544
7.623162	5.617480
4.598988	5.601313
3.302389	6.404513
6.521216	2.363650
0.377218	1.357467
10.253150	5.423645
8.537874	6.788484
-2.388028	5.526356
5.132810	6.813306
6.420758	6.247728
5.074618	5.058107
1.626699	4.850601
5.469070	2.666991
4.446909	4.885119
6.876741	3.744465
4.628439	6.459983
4.899808	6.637941
8.625768	2.984293
2.983618	7.441484
6.443351	2.000857
13.124221	3.127219
0.054454	7.044546
0.698552	0.389694
-1.933010	8.000034
-0.847234	7.030194
5.162946	3.552959
12.403066	2.905736
5.330498	5.456533
-3.902628	8.211204
-3.659512	2.549871
4.367893	3.656804
-0.910089	3.837174
-5.730982	3.040431
10.878206	7.931912
8.185436	3.676451
14.971863	2.819605
4.136909	6.073382
6.577349	4.662606
3.937300	5.233436
2.620955	6.839964
8.492809	5.065054
6.132874	6.836758
10.361569	7.131751
10.852389	5.048435
7.683488	3.321566
2.995266	1.410957
9.052287	3.791584
5.338026	1.551798
12.300365	7.501325
4.802858	6.889162
10.771468	5.789686
2.178743	9.024396
1.986076	4.208378
8.214422	7.485313
-0.450478	6.331400
10.183882	8.932308
-4.089482	2.189024
12.292614	5.243661
6.324994	0.344733
6.757271	5.031839
2.942478	5.253673
2.828760	5.121292
11.251381	4.695929
-5.619119	2.904841
2.654001	5.113603
3.424817	4.218541
8.693163	7.362707
-0.533141	2.037733
6.686645	3.800360
3.480089	2.478059
7.106676	4.862018
8.258422	4.759271
-0.953784	5.492745
5.659236	2.982585
7.512478	7.890593
0.665101	7.532111
1.521645	2.737046
0.757887	3.488829
4.581081	3.172122
11.737075	3.031153
2.099235	5.994142
2.665520	7.518880
7.383770	4.044933
2.839152	4.377160
-13.815632	3.864958
0.176589	6.642455
9.492792	4.815991
1.983412	8.366239
4.813963	5.305420
9.129010	4.106415
11.521391	3.966562
4.027544	3.856503
12.431927	4.251107
3.134364	8.144805
4.347928	5.335949
13.696376	1.743566
6.702653	3.128983
6.661379	5.713451
6.711869	7.400327
2.927477	8.986245
1.007393	4.881055
2.671663	3.645098
7.956107	5.137550
-5.286022	4.599310
-4.183253	3.664490
5.058597	4.258062
-1.555337	4.951828
5.111900	4.054263
1.571414	3.722897
3.122558	5.197790
2.622225	5.701159
2.098935	5.590197
2.642604	5.001301
6.575248	6.111652
8.563837	5.920448
2.698466	4.502720
9.872305	4.646382
3.010474	7.438594
0.086326	2.921160
6.185514	5.225671
10.254059	7.326450
8.958872	2.178433
0.523293	5.424917
4.586060	7.995725
-4.243206	8.272139
7.730084	5.319189
7.668988	4.432849
1.823397	6.444853
4.939356	6.635171
-1.561134	6.178332
2.322763	2.761280
1.732392	4.271358
8.267686	4.396379
4.804286	4.874713
7.786183	4.587971
6.018832	5.294888
-0.796029	4.767413
4.583414	5.805517
-2.978102	7.008816
-3.300476	4.852298
5.202925	4.771806
8.622353	3.590077
9.502252	5.066180
-4.940480	5.213589
0.725194	6.163303
5.101691	2.763729
5.395693	7.001687
1.750025	3.508735
13.708529	6.084260
3.091540	7.483890
4.427621	4.956039
6.517241	3.787237
0.144935	2.336010
6.594561	5.997123
8.902184	3.525031
4.687071	2.211635
7.535459	5.071831
7.187397	4.834210
-2.128639	3.166778
-1.185527	1.559911
7.364237	8.024273
0.462654	4.028338
5.329755	7.329484
-0.817704	8.882120
3.105087	5.605553
5.758488	2.325354
10.699937	5.104382
5.875925	3.230980
7.831507	2.783270
-2.207545	2.162063
5.832459	5.408577
5.200931	8.105335
10.824631	7.864176
7.474537	9.281604
-4.034194	5.962479
-1.619988	5.555059
4.105841	6.700865
-0.443468	4.444314
2.649121	4.903864
16.775363	4.960371
6.040650	4.413513
6.734759	7.487689
4.586802	8.444620
2.637587	1.554053
11.054974	2.720852
5.314915	6.066665
-1.205494	1.558676
3.362636	5.720001
1.194263	7.115463
7.700004	8.637836
2.190316	8.411201
4.341038	6.091799
17.081751	4.678254
3.108710	0.216850
8.857532	5.623217
9.310261	7.953495
7.855767	2.968906
1.477255	9.841570
2.832516	5.761867
13.971358	4.593191
12.350398	8.014162
12.819940	5.300066
5.772597	3.430424
-1.291687	4.357398
1.741580	5.620325
3.504740	5.341524
3.497424	4.358616
9.482396	3.845461
10.908832	1.725167
4.154429	7.569253
8.570884	4.181607
10.038104	4.403210
5.975897	3.326859
-1.568095	6.768958
3.000667	5.131000
-2.884348	7.301280
5.212500	7.108202
8.921698	5.919745
7.168480	5.500899
-0.111818	4.070206
0.077937	5.223930
12.914512	2.738277
8.832825	4.779012
3.774177	5.374501
2.080862	6.288850
10.932800	4.902889
3.820553	3.156006
4.459404	7.566199
13.590678	5.045337
-1.207079	3.424691
-5.514717	8.917898
5.825611	2.736734
1.109511	11.683628
-0.221440	6.577325
3.185567	3.580758
9.723923	6.732125
-4.517990	4.709229
9.334756	6.380174
8.425002	5.141817
6.558688	5.999276
5.469555	6.655624
7.500189	7.779276
-1.223466	6.960355
17.401248	2.887923
6.896564	4.771689
3.458026	4.051085
8.106016	4.577408
2.196672	7.131814
4.513042	3.410959
4.537860	2.058196
6.843051	3.376314
7.174752	2.547718
7.128069	5.180673
9.807382	5.345617
9.100629	8.243831
10.806990	2.832159
6.697593	6.339396
4.087047	3.930243
5.761069	5.498002
-1.561394	8.103454
1.192952	7.075288
9.000858	5.371672
6.093269	3.768000
-2.184275	6.664025
5.819808	5.369284
7.913180	7.967224
3.939447	6.852106
13.738129	6.160713
11.456386	1.225126
2.825294	1.525699
4.609942	1.614285
11.431448	9.418690
4.632894	7.964975
2.279101	8.125654
2.571478	2.124339
12.133689	5.491196
5.540626	3.344399
-0.737751	1.388871
2.649830	9.717204
16.524703	3.939706
-7.967206	6.791733
16.429097	5.348644
1.450865	6.191653
4.001418	4.004615
7.516516	3.859951
-0.112010	5.491931
0.825306	6.120827
1.458062	5.118168
2.999457	5.726959
5.876523	5.668878
7.782800	4.602633
6.435020	3.620833
10.629357	5.746521
-4.774317	3.879388
7.368890	2.014111
5.241604	5.138294
4.391788	4.339363
5.899876	6.461568
7.642852	5.290183
4.248254	3.871181
6.682402	6.707587
6.585846	5.946004
-0.667753	4.298821
-4.804867	8.033881
9.697437	2.579783
-1.286300	3.968885
2.947961	7.966296
-0.672238	6.554585
8.211204	4.239638
7.033677	5.393779
12.844145	3.109843
-6.638563	4.630486
5.257161	7.894268
10.602373	4.416297
-4.560238	6.777322
0.964842	4.105930
7.145455	0.535031
5.177622	5.431673
9.862710	7.265944
0.907755	2.896373
9.405060	3.905675
5.836680	2.406516
3.948925	6.773135
4.469266	6.342974
13.898078	2.293876
10.319380	6.847217
6.856026	6.031546
9.352512	6.529979
1.862842	5.843294
2.702084	3.708831
6.353984	7.373950
3.323593	6.171224
-1.038606	4.165108
6.156243	3.823624
8.449982	5.727747
16.240196	6.419378
1.794944	4.651344
-0.020730	3.496525
5.924454	6.313280
13.987112	7.364453
13.876486	5.923205
5.101450	4.532586
4.211907	5.462205
1.291363	4.231112
13.078388	5.563181
1.387579	6.195240
1.705367	4.715650
12.652497	9.583579
4.365785	4.976260
12.616761	4.923580
11.607511	2.892094
1.290145	5.021849
2.584461	4.701990
8.364588	4.660529
-1.134711	6.985832
7.521710	3.734650
-2.572071	4.578479
-0.029629	2.282035
11.423790	5.361146
7.411509	5.663052
13.408721	0.773408
0.420098	6.496587
8.588906	5.986312
11.402247	1.173502
2.502701	2.612338
5.556811	6.463649
8.407731	2.706460
8.965466	7.646782
10.165193	7.096002
8.556188	4.384771
7.624600	6.998485
14.263054	6.452960
3.816723	3.094748
4.723370	6.926089
2.277031	4.324339
-3.249270	8.494738
5.641296	7.974580
7.039183	3.426025
1.292917	5.000050
11.722141	3.151590
9.375092	7.517839
9.472756	6.768846
7.621899	3.728170
3.845163	7.905548
2.545169	6.334279
2.721829	6.223468
8.259136	4.644291
8.812205	1.956580
2.261419	5.622646
4.432530	5.171836
9.457298	5.330394
-0.941737	3.093574
6.567734	7.417703
-1.314128	6.072070
-1.740843	4.237423
5.563150	3.065657
1.041742	3.575334
8.676996	4.753391
7.638390	2.959652
9.431686	7.795980
3.966763	6.705353
-0.027170	7.483726
-2.761114	5.969921
-5.138497	4.723167
9.775813	5.435476
5.577384	8.920795
5.960345	5.245040
0.860890	4.455988
-6.591861	4.425406
1.409268	4.591707
0.799958	7.775067
-0.356552	6.349456
8.185184	4.400614
5.177840	4.079553
11.058199	3.687624
1.671913	4.803342
12.515301	6.716606
4.827468	7.570396
9.015901	6.005513
9.383657	3.013391
1.027817	3.518832
9.379150	2.639322
11.547523	5.855555
4.556889	2.445812
9.983106	6.031708
-3.556732	8.118757
15.155967	6.878945
6.330594	4.173043
12.267138	6.431315
4.980933	3.170306
0.298025	8.170636
5.380602	6.767102
-6.784984	5.957866
9.003729	7.611047
1.977778	7.061022
-0.102602	4.869387
3.885638	6.823925
5.822147	6.180008
9.031475	3.046865
-3.747861	4.918286
9.554630	3.192296
2.306732	5.232807
-3.898605	5.065814
7.209968	4.690113
2.063517	8.710040
2.289243	5.872779
10.263550	1.436499
4.010335	5.596662
-0.927833	6.681747
1.094490	2.462120
3.402206	6.694957
4.231248	6.581343
3.728351	6.609483
12.077160	5.819157
8.720830	6.811547
9.848600	3.706185
12.018117	6.025874
11.037384	2.159653
5.953076	4.780294
5.936697	5.677507
-2.107398	3.084131
0.864853	3.926517
9.419112	4.460071
2.233427	1.980128
1.389650	6.702459
4.258702	2.939805
3.791242	7.265513
9.435117	7.055852
2.956048	3.954855
6.598392	6.175079
7.828995	4.667338
11.133073	6.840857
3.068252	5.207707
7.864567	4.084011
7.650446	5.408681
2.158567	7.828343
12.576944	4.044446
5.242342	2.235124
-7.859007	3.041726
6.199156	5.494344
5.187301	3.084500
-0.422600	4.375789
10.275841	4.947637
6.006555	3.903241
13.321198	3.394633
-3.429515	5.403870
12.343362	2.668893
4.413409	9.010091
-1.378262	5.465723
1.293855	5.833946
-3.301632	7.013144
-4.180995	5.224503
12.845262	6.139123
5.580406	1.101281
5.020244	5.924157
6.199586	8.181573
12.788425	7.406293
3.965059	-0.299600
7.681259	6.778886
6.823111	3.804287
11.470575	-1.094372
-0.661605	8.422268
1.622301	4.145900
4.636391	6.229952
8.792563	4.780057
4.040163	4.738129
3.127602	6.831675
14.743620	8.872619
0.296086	7.276086
13.769950	7.511793
1.115723	4.732823
-2.014334	3.885363
1.793291	6.414746
5.826819	2.482480
1.809503	7.175581
4.400940	1.411424
6.404890	5.997704
6.055092	5.645048
-0.585793	4.274287
-0.431648	5.407908
-1.028927	4.510309
6.266166	8.246862
-7.202975	3.552355
5.965652	3.420146
-10.183628	4.720776
2.276244	8.807271
-6.256597	4.060590
-3.540188	4.188076
11.727076	2.549596
9.062700	7.066111
-0.144487	8.737743
8.741199	4.906024
5.679564	4.183279
-6.868572	2.203931
-0.316569	5.478563
9.955018	5.164242
18.988215	3.109503
3.076451	4.713128
2.343826	5.389133
4.895093	2.566722
2.825448	4.598381
-4.643931	6.649073
9.867287	5.197622
9.196988	4.364218
8.173817	8.164307
12.909543	6.877047
1.244515	2.218636
0.985119	3.402497
8.180141	3.547366
2.776880	4.643596
2.763203	5.925938
3.933922	3.756803
9.726477	4.557537
12.057179	4.165670
2.695888	6.262780
1.841371	4.206490
-0.569426	3.421043
5.130290	6.427113
2.065731	5.049271
9.229091	4.444693
-1.536983	3.499396
7.544299	2.713954
1.030797	4.766716
3.270078	4.428842
2.147515	7.357311
5.192102	5.628940
5.360033	8.642820
-1.793270	7.988366
4.965939	3.732901
12.758082	4.347276
19.206881	3.256034
13.478969	5.431997
-2.146035	2.075302
7.259384	1.177659
-8.762913	7.672684
6.853050	10.205512
3.561552	4.339618
-0.014028	2.303526
6.864457	5.559061
6.979219	4.731894
-6.001925	4.740063
-5.148690	8.966515
11.347179	4.505951
5.087348	5.164772
0.609851	6.775151
7.030920	5.554842
12.865847	3.298497
3.693989	3.159245
-0.072781	6.547656
2.393933	4.719128
4.849919	6.613756
2.827680	5.994843
-3.831612	0.546403
5.325937	6.592869
-6.179821	5.783357
11.108338	5.295987
6.912975	3.816367
0.348761	6.381586
-0.132082	6.955514
2.085602	2.233997
5.912070	6.253535
8.214832	2.463748
7.989677	8.824192
2.523745	4.992249
6.672080	4.630553
15.862720	4.231420
9.427533	3.793819
2.181307	1.732101
3.239314	6.146012
0.152552	6.268237
-7.617216	6.417645
6.899685	3.681627
5.502940	5.766865
2.969214	4.539800
6.629918	5.025493
1.892284	3.800273
7.584323	5.975383
6.250787	5.084298
0.767771	2.393335
0.817143	7.721751
0.989866	6.693047
3.635688	2.931736
7.787235	2.266182
9.593610	7.511205
4.056226	7.335665
0.186023	7.082335
18.843684	3.603735
5.909590	4.008849
-3.202311	6.980957
18.539991	7.287141
1.555290	5.994773
3.993239	5.785256
2.394165	4.999832
3.547440	6.777480
13.313424	7.158478
8.711911	6.208947
2.553392	4.253496
1.483412	5.242732
7.965367	8.752677
9.567195	5.875321
5.221673	1.079379
8.084191	4.648816
-2.354364	2.963754
0.605872	3.320975
0.494699	7.550813
0.469750	4.025007
1.424770	4.395154
-2.768715	4.817990
-0.689450	5.844551
3.671650	4.258762
-2.212337	5.859320
9.494476	8.235159
11.095565	3.799925
9.412096	5.469307
-4.317371	5.505588
8.300855	5.504365
3.819950	5.031576
0.465617	7.353395
7.964484	5.762938
5.383746	4.339963
-5.572973	6.942284
0.603501	4.761318
14.167483	5.689576
3.558684	8.912389
2.953239	3.916443
10.859940	3.895414
6.465232	3.605379
2.712993	8.232073
-1.399675	8.280731
3.857626	5.322963
-2.998845	5.485457
-0.989155	3.583423
9.182031	5.969567
-3.015355	1.459284
9.348968	8.207840
-3.370701	6.249476
3.529720	4.373785
7.047830	4.759876
-3.965018	1.960579
3.474033	3.667808
1.635468	2.118475
12.752117	5.967346
6.624955	2.288960
3.114981	5.273803
-10.499879	5.284545
8.505927	6.703972
-1.321054	4.069880
8.986295	5.820820
2.309005	8.364412
2.475607	7.178627
3.728051	0.902893
3.359900	7.098254
8.090239	4.114709
5.581463	1.565372
8.436238	2.894582
3.504117	7.265731
2.504249	2.461301
2.209584	6.803600
-0.609032	5.063426
0.157646	5.823103
10.746585	3.744181
5.309390	1.371245
15.223492	2.209832
15.139398	3.379072
-5.458676	4.393358
9.913106	3.522251
9.634125	4.712891
2.249393	6.494134
9.825533	4.599877
11.283896	5.996122
9.841067	5.485937
8.121859	7.122358
11.002460	3.973231
10.119683	6.569084
2.404818	4.115433
3.332613	3.078700
7.208126	2.325605
6.820722	2.966555
8.400837	1.565646
5.170059	3.823846
7.605093	3.767381
3.457515	8.728320
11.155219	4.350475
11.766009	5.266278
0.096125	8.628143
9.893336	3.583141
14.368509	8.432836
7.667410	4.384814
7.107675	7.300179
5.022778	4.541630
4.303227	3.138585
3.613527	5.923874
11.621451	6.138624
1.594865	3.306845
11.069389	3.073285
0.138719	8.399030
2.698839	0.358210
7.080913	2.287927
-2.055965	4.431270
11.726617	6.775672
4.369422	9.213262
1.478248	4.887253
-1.347211	3.660318
7.295707	4.061154
7.565553	3.953734
1.626993	3.058732
10.353432	3.499997
15.311478	5.248445
7.137830	4.266330
1.451498	6.098370
6.908295	5.188902
4.820391	2.311664
8.151999	6.144550
10.544192	6.545761
-5.653699	4.517534
3.844009	4.382015
5.577941	5.656964
7.778304	5.424815
6.868467	2.058724
11.041762	6.165917
5.885670	5.408435
7.046596	6.923780
10.104129	5.517752
4.622105	4.416603
-0.811957	7.876568
-1.583627	5.704122
7.906743	5.919656
3.529841	2.983484
-2.699800	5.089285
11.783080	6.738682
5.280907	6.563798
8.488702	4.116453
7.655342	4.901396
9.207694	1.795621
-7.403056	4.220044
1.747100	3.312405
11.948688	3.393623
3.414333	4.162445
10.210669	6.117931
9.250270	4.501322
1.812115	7.039294
4.231636	3.767138
-1.401130	4.747986
1.907691	4.934961
1.348411	4.121997
0.216063	3.490624
3.238787	4.241151
3.489412	4.887394
8.582160	3.724691
-3.210172	8.801996
4.251771	4.205245
6.148182	4.060365
4.552800	2.827373
-0.489233	6.493581
8.056108	1.855809
-0.731032	4.437344
5.903641	2.752020
9.146452	1.718403
5.682688	7.331051
8.813943	4.293415
9.149226	4.646474
11.554010	4.262872
1.259436	9.146894
10.755714	5.981112
11.517247	4.733499
1.255948	2.865499
7.230083	6.231326
7.883188	4.492714
-3.992629	3.819998
10.161356	5.947056
6.820590	2.833466
12.519572	6.666452
5.850662	7.776075
7.038029	3.739822
3.881540	1.287639
2.807385	5.797570
10.356882	5.525302
4.481804	6.645413
-1.686772	2.499333
4.989835	1.922189
4.865983	3.813133
8.838937	5.413227
5.618554	7.013239
-0.539318	7.846080
-0.230117	6.698504
4.436997	2.628167
13.340700	2.715982
12.376094	4.478297
9.351528	5.867406
4.915298	3.693464
0.630215	4.603375
9.965795	3.060047
-3.419107	5.643093
8.395937	8.695080
3.623933	7.066083
1.683099	7.362506
3.783282	3.597015
10.262046	5.397977
-0.769727	1.791986
-1.922636	4.156893
8.050596	4.597794
8.897980	3.449387
0.437411	2.969956
6.169466	3.203182
9.754163	4.881529
11.103219	5.520711
8.443783	7.655292
3.855701	5.665451
14.395143	6.362036
5.668071	3.710750
10.625756	3.344322
4.517410	5.689174
2.077383	7.264587
13.592187	5.498416
5.679043	3.661244
6.728407	2.675761
11.584999	4.273511
1.644397	3.653627
8.985261	3.577739
2.507194	4.607185
8.820444	4.477047
18.312876	5.199853
2.413659	3.923099
4.545902	3.308204
2.205996	4.852704
9.330970	6.311026
5.108517	4.273877
3.778323	6.127952
-2.109954	5.158584
4.919808	3.126573
2.847723	5.054476
12.525171	3.038875
1.733382	3.961007
-0.910537	5.302670
3.568158	4.737788
0.875467	4.795314
6.274684	7.288056
7.269067	6.556310
3.758313	6.512597
5.340343	6.519773
10.153169	2.035759
11.810914	4.790492
7.005960	4.350239
3.921256	2.963602
6.203712	6.654451
-3.663709	10.764878
8.341871	7.730548
-2.756267	5.964994
9.354164	4.157011
8.942654	5.156224
-3.150904	5.880984
1.996670	7.119045
5.005602	4.118679
-1.374163	4.027739
-9.883899	5.190610
-2.804127	8.068820
1.857578	2.256617
2.061717	3.786526
2.652792	6.783012
11.415493	5.913623
7.759255	9.486996
8.029884	4.447235
14.178099	4.122376
9.384151	6.006979
4.006752	5.687853
4.324601	6.197689
9.870308	4.709842
5.909292	5.387348
5.867721	5.322552
10.585200	7.019758
3.614459	4.277435
2.871158	8.060169
1.413580	4.768146
0.560743	2.946452
-2.582337	7.093808
-5.318870	7.767871
12.998321	6.523458
1.223692	7.238652
7.737194	5.205898
0.772327	6.043532
5.499067	3.124169
8.161628	5.537529
5.504090	2.581722
-2.742398	5.482362
10.355217	4.882784
6.454891	7.425410
1.582577	5.301936
3.701030	2.945786
0.064933	5.697684
10.082101	4.172827
11.485830	4.006925
-2.319269	4.063867
5.467557	9.055303
-1.792065	6.974185
7.590659	2.979247
0.616363	6.520118
11.007308	5.779889
4.114052	6.637130
6.514975	6.357145
7.191225	7.875514
5.288055	6.875267
11.647315	5.300096
5.597552	4.467309
7.310793	-0.663483
0.169790	8.526541
9.537620	5.728054
2.336798	3.581213
5.820703	6.092660
6.758812	10.056353
7.748877	3.524699
10.972210	6.531601
5.734536	9.278952
-0.829171	7.512924
1.381435	3.739091
12.570638	3.091788
9.559380	3.877900
1.456094	5.298686
3.816676	4.151113
9.822977	5.311896
4.297689	6.027866
4.020790	6.161417
15.305020	5.968988
4.338027	10.249475
7.143590	0.476777
1.198675	2.440731
5.601717	3.435705
-1.295153	5.472225
-1.992933	3.627736
4.133977	3.570205
3.964416	7.155423
6.141534	1.146907
8.862472	4.323319
7.223849	2.112643
7.750260	3.912517
10.451013	5.767450
10.502698	6.932312
3.253415	3.631153
9.966791	5.117488
8.236301	4.726301
5.756817	5.040660
3.486498	6.433828
7.801510	3.679630
8.373975	4.729313
-0.070202	5.599421
-0.749680	7.054160
11.662876	3.690809
9.011278	7.041309
11.800656	4.148241
3.868435	2.905400
5.020877	3.775531
3.611254	7.464826
6.076236	4.791451
0.685548	8.172293
12.569237	3.284759
9.651983	3.458157
4.529068	4.725403
6.604378	6.392484
-0.492368	1.157090
-3.163348	6.935788
10.481298	1.840291
-0.156079	4.031053
9.581266	6.282543
-2.685105	8.230934
7.427372	6.924117
3.894398	6.427140
7.272222	1.344670
3.799876	6.141286
-1.872943	5.248630
0.514303	4.901479
3.613582	4.217612
5.420916	5.403623
-4.158039	2.653922
4.084023	3.630072
-3.126240	2.864772
8.184308	6.797712
10.462676	2.058496
2.037914	4.675868
3.192590	7.200481
-1.060360	7.663469
12.172267	1.304088
2.569123	4.047457
13.310161	3.444932
4.070581	5.964019
5.535377	2.879772
5.364168	3.436343
0.625263	3.347661
10.525506	3.037806
-2.241362	5.263760
-1.330306	8.142742
3.607585	8.721731
13.199113	1.165203
3.191280	6.621257
9.859246	4.530927
7.196903	3.412696
1.703852	5.612584
16.328000	3.108071
10.934113	5.958166
9.985867	4.291515
18.890639	4.459633
4.719541	3.638858
5.723893	7.592799
2.381263	3.140176
7.309129	10.007580
1.917846	4.674499
0.569739	4.789690
6.489121	4.657012
0.060323	6.976159
-2.039223	5.274633
1.732990	4.327973
4.526489	3.119457
9.511144	8.508262
-5.023902	3.120197
-0.815091	5.205312
5.209807	2.411919
14.260144	6.787863
-0.676759	3.476391
8.391521	7.794086
8.345715	0.190851
10.967289	6.256692
6.562498	4.279034
5.159215	4.309968
5.506207	7.224223
5.194019	10.246935
-3.458915	5.057855
11.494599	6.371969
11.628058	4.122775
7.496750	6.486839
-4.356314	3.090508
2.863061	6.056898
4.263504	5.483650
1.599687	2.070489
13.199738	5.094661
-4.196209	0.690140
3.357239	5.020103
8.708404	7.319652
4.440083	3.071281
9.583429	2.586388
0.609399	6.886479
6.501458	4.276138
10.849123	0.800154
2.132021	5.785764
15.788776	3.678250
6.250069	5.073560
7.954168	8.847083
-5.761901	7.414877
-1.437372	1.915930
2.294160	4.507439
0.727185	3.991926
-8.721152	6.205922
-2.388889	6.489680
0.321025	3.930835
4.497094	2.016059
-5.987364	3.106877
0.468018	5.841273
6.472888	3.869369
1.652798	4.320241
6.257549	6.902064
-0.175647	7.453112
-1.248357	4.586921
-1.173149	4.518752
-2.375578	6.145740
0.292517	3.654305
3.912706	1.477015
6.472950	7.947318
4.759675	4.630563
-2.971401	6.485858
-4.769960	5.701711
-1.644403	5.399389
-2.774731	6.494927
1.143488	5.409750
-1.511282	8.369180
3.455775	2.873873
2.017790	6.281695
10.569350	4.154270
9.060922	5.213118
9.365949	2.743504
15.093173	5.144220
0.440541	0.541796
6.492428	4.155363
4.329142	2.615714
2.363348	3.485257
-1.390312	5.568188
12.430148	7.315822
0.503349	3.375001
8.890319	7.069650
12.002214	3.372628
-0.873038	4.914053
6.697473	7.253578
7.940650	5.273861
7.463524	7.193581
8.041720	6.990614
-0.104275	4.322284
5.861424	1.216095
2.952535	4.491142
3.362515	4.965857
-0.498341	5.033752
6.658261	3.522143
2.285531	8.457463
1.186717	1.781020
3.909097	4.277505
6.669724	2.938467
3.138212	6.185410
2.797254	4.304453
2.834984	8.236337
11.414271	3.830222
8.593883	5.266074
9.188568	3.833981
2.735382	2.048486
2.063089	3.420258
2.362156	11.086320
0.023124	3.782901
-1.354416	3.575341
2.261964	5.216887
12.962375	5.286109
6.317769	8.443437
6.830934	6.245259
1.932428	8.430102
-1.080804	6.804890
11.856228	7.293373
5.543751	2.569821
7.587745	3.935162
5.205919	6.249760
3.334147	4.235715
5.075438	8.082054
3.941930	7.126343
3.750605	3.999676
5.572475	7.291343
-4.034356	2.326885
3.420720	5.976983
-0.643180	5.943922
1.700551	3.737529
10.706896	5.236064
-2.499977	5.910206
6.403748	1.672812
5.299412	2.837326
4.091833	-0.073762
3.251504	3.759605
7.352282	4.509739
1.668351	4.444023
3.903452	6.762870
3.993762	1.382996
13.269704	5.345006
12.919463	4.511139
-4.213375	3.160323
1.127259	5.588793
2.020557	5.035628
12.058290	5.321675
9.103576	3.005276
5.184402	6.043307
12.958549	3.712767
5.045802	4.729033
7.329434	3.568700
5.780942	2.418343
4.306467	5.439082
2.873119	5.374480
4.699866	3.889731
13.284816	7.006324
-2.510251	5.276609
7.061292	8.281939
7.371464	6.078150
-2.274814	3.534232
4.001578	6.001074
13.424962	1.342094
5.138170	5.105891
3.185308	6.218043
0.725149	3.411060
3.189326	4.733990
-0.606326	5.953638
0.818322	0.330649
8.304244	8.539045
9.497556	4.776870
3.595739	6.376102
2.985210	6.790019
-1.178321	4.272543
3.220175	4.183990
7.063661	3.758281
7.091771	6.826220
2.455012	5.368880
6.352285	5.115376
-0.187255	4.177371
5.981943	2.995006
8.798404	5.878105
-1.587231	4.952243
3.007731	2.345505
3.571617	5.661211
-0.372793	7.602654
11.474846	2.483772
6.552497	5.239783
5.031575	1.809793
1.979582	4.705685
9.804970	6.965308
3.197201	5.547226
6.075509	6.833386
4.919337	2.764286
11.901564	3.951715
5.790497	4.585383
6.274328	3.816293
4.263907	1.746145
1.781266	5.631929
5.863979	4.295978
5.680516	1.926592
1.256570	7.523332
8.083443	5.546367
8.971505	6.707104
4.223775	5.190071
1.198169	5.941256
2.346979	8.015256
5.724829	4.308549
-1.583523	5.381684
8.196686	4.381620
6.313577	5.632162
5.364229	3.864346
3.133843	2.241464
16.954097	2.697548
-0.146167	3.131623
3.565084	5.258136
8.964481	3.265199
7.252088	3.862030
9.466810	2.629326
10.193080	6.419409
-1.177196	3.165885
1.152430	10.359336
2.044402	6.407053
8.779043	9.177449
2.427132	7.978880
0.480271	7.064325
-0.369398	7.815104
1.263094	4.373167
4.575653	5.040062
2.363765	8.105721
6.274781	9.231168
8.901050	6.077640
16.838102	1.483684
5.521738	5.140915
5.924413	6.557673
-1.100236	4.255893
0.398538	5.365310
2.434312	5.969241
4.287518	5.781469
6.036262	2.659069
3.624058	5.072493
0.708103	4.532729
1.900576	6.968848
-2.019921	3.557754
11.922491	3.856285
0.036653	6.098775
7.116570	7.233914
4.108620	7.440662
8.426143	4.606687
7.702146	2.286416
5.588547	5.238057
-3.589123	3.556703
-3.539772	6.961386
6.992651	7.772300
2.745678	4.642552
4.999422	2.119438
4.547809	7.480048
-3.788754	5.328646
2.549736	1.950688
14.015728	1.277052
3.776445	5.721880
4.756960	8.853054
-1.145563	2.998663
7.498616	3.046271
3.169512	0.278605
-3.421548	3.215314
18.899908	2.272359
0.792215	5.739661
2.306565	3.988610
13.909257	5.707970
6.789874	3.016720
-6.434440	7.735168
7.242056	4.575083
6.288284	7.275281
9.594845	4.472798
2.271378	3.991325
8.471842	7.304752
3.581972	2.938423
3.408636	3.190531
14.782253	3.133494
7.141988	8.525686
8.432651	1.834222
2.149599	5.943832
5.300611	7.860227
7.651329	3.743851
3.279293	6.613803
2.215017	4.704413
4.099209	7.598658
0.558474	5.048064
14.057181	6.956887
3.681583	6.375790
5.635911	3.000887
10.624953	5.360956
7.844968	4.003238
9.816637	6.724603
6.512335	4.576556
6.761829	6.124047
-1.863880	3.093572
6.959676	6.059040
0.090152	5.737616
0.835682	6.248739
5.692102	4.101812
3.059019	7.933089
8.052569	6.688334
4.387166	3.988432
12.540555	3.453986
8.588735	5.173451
1.620961	5.955359
-2.875781	5.513557
2.759693	4.959001
7.976026	4.856579
9.327909	5.501738
4.396508	4.360517
2.226893	7.410345
0.004208	5.211292
5.749861	3.553900
-2.733958	3.576404
10.830919	6.626476
9.195089	4.752063
2.760679	4.490740
3.650327	9.434861
-3.566131	8.931639
4.841740	1.041013
7.472026	7.492764
7.310229	7.309947
9.202834	5.581246
3.280665	6.330727
7.915462	2.639686
0.483139	6.253496
5.763672	5.401645
4.923933	4.204792
1.665267	5.367858
-1.059032	2.092479
7.302882	10.278909
3.609977	7.337375
11.252851	2.939731
0.768692	4.979200
8.820363	3.853268
5.078465	4.751447
-0.008040	-0.073595
4.619216	6.175373
11.922750	4.734200
5.331669	4.161095
3.779277	6.572259
4.034766	3.295720
7.326262	3.988096
-1.211798	4.750984
1.306285	5.709913
-1.884765	6.711160
4.167174	3.947184
4.530487	3.516983
7.589362	6.753356
7.137474	4.756193
0.691514	4.003313
6.645156	4.176943
7.700695	4.528711
2.673580	2.062551
11.092816	6.857063
10.815004	5.436010
3.526886	4.824707
10.999297	3.763449
7.963451	8.776012
-1.168289	3.349326
10.796735	4.797145
7.721904	3.986092
-5.058239	4.220414
1.801784	6.565424
1.267887	7.881591
3.893606	3.373319
10.057431	6.755359
12.113301	4.491515
4.252893	6.288730
9.060665	4.282877
6.556828	2.874356
5.746429	3.921185
15.768913	5.188074
10.817668	4.241510
11.969844	4.686643
6.006050	5.475734
8.520955	6.478046
0.736557	7.687532
5.303178	5.536887
0.558765	8.199847
6.075799	4.837592
14.822617	5.018744
1.885177	4.615228
9.449489	8.138817
16.283782	5.504848
2.039049	4.417573
2.829082	2.231653
5.292284	6.879952
8.351405	3.722751
-1.250060	8.490097
13.842666	4.239241
10.924440	3.432309
8.723951	7.422025
1.474688	2.436589
12.198829	4.766359
7.183147	3.130542
7.926720	5.474391
2.497088	6.429364
7.062380	6.311923
2.179824	4.811549
7.551298	6.474957
12.540436	3.696487
14.457820	2.933378
2.027354	6.448166
7.513807	3.142373
10.644568	6.475438
8.580063	6.310925
11.328246	5.378457
6.889391	5.147537
14.307544	4.965980
5.722958	3.721728
8.639342	5.539900
13.536282	5.040554
3.898098	8.426124
12.411681	8.705770
1.089954	2.370610
1.821980	3.362617
3.246387	8.519968
-3.660620	6.758491
3.507710	4.445274
3.975621	7.827345
6.821271	8.432785
3.891333	7.072560
1.849340	7.946336
5.215222	5.239187
14.933760	3.474037
12.091321	2.067846
2.497661	0.826296
4.186994	7.970290
-2.208198	6.565442
13.098223	5.240676
-4.380717	5.344582
3.176715	7.215045
-3.067482	4.110967
9.773513	5.254420
-3.435779	6.034615
-6.983370	7.912796
2.528372	2.528588
7.625556	7.204702
8.588184	5.996003
-0.634277	2.681040
3.044619	3.789972
7.015964	3.507150
7.900606	2.118349
4.303967	3.847872
4.392318	7.537316
4.815683	4.962462
5.776475	5.691253
-0.465834	4.843876
14.085032	5.856991
9.871563	4.873863
9.741784	2.880358
7.679591	4.071703
-1.343656	7.465871
11.711389	5.307038
2.956870	3.949890
3.021234	3.491705
-0.913111	4.079238
-1.456494	6.272314
4.949876	4.033949
5.629491	2.713528
8.039512	4.316326
2.086445	3.555381
10.547368	7.167053
-5.489337	6.191706
3.208364	4.195563
0.841975	3.499455
0.082455	5.594535
6.339889	5.456165
3.527420	4.425142
3.040624	4.158139
5.673582	6.171036
-1.790268	4.584780
-1.299528	6.608436
0.297052	6.008608
-4.295568	7.088023
4.845234	7.791928
10.663251	4.951072
10.400067	6.950550
8.127856	8.319902
4.613672	3.375019
5.422807	4.876056
9.368022	5.722719
3.895945	3.840997
-1.141783	1.136448
9.586609	8.200878
2.940744	2.653240
-0.177331	8.425259
4.147777	7.010609
8.924344	2.608024
2.660919	4.577217
12.089190	4.792137
8.863473	6.403425
1.766337	3.864657
16.717738	6.327805
3.200528	4.874346
-2.643647	2.907150
0.671064	8.622402
-4.791947	6.719752
-0.383552	5.178205
8.514142	3.880872
9.951442	5.134253
6.912223	4.677984
12.301838	6.682011
7.410565	5.639244
8.702794	5.571442
4.322712	2.754026
4.957954	3.009987
-4.043188	5.035105
5.652359	7.740879
12.907666	4.430237
3.592406	4.779538
-3.826701	5.302047
3.794396	2.063029
6.714848	3.496775
6.175551	4.456595
7.324896	8.249239
2.655049	6.751528
8.612227	3.602275
6.075467	6.585474
5.951005	8.275659
-0.533989	6.622001
6.247435	5.053479
4.428941	6.733164
3.282084	4.715385
4.985251	8.724897
7.874608	0.332411
-1.576315	2.986350
-0.840342	5.564754
7.760937	5.051356
4.366048	7.221457
2.478816	1.923927
4.890610	3.394420
7.026804	2.145551
0.319362	6.635644
6.906710	8.175359
-1.518602	4.582438
12.539540	5.911128
-1.034254	6.689459
1.507386	2.700447
7.951580	3.975692
5.519278	4.763689
3.704578	7.139576
3.077003	8.372456
8.014850	6.311272
5.797353	5.560205
3.433652	5.066032
6.478238	5.673241
14.331045	4.773442
3.743879	3.612689
9.259523	6.269941
9.167088	7.481784
4.278056	4.989610
11.351619	7.708712
-1.580790	4.325008
6.262530	4.835864
3.542294	6.950003
7.214368	6.971743
11.517211	7.151502
10.426937	3.357250
5.727685	6.738761
8.414038	5.511883
4.876946	7.887437
4.863439	3.179745
-4.886143	4.144609
-0.218244	4.386788
13.253559	1.307890
5.116221	7.635445
-0.145910	3.820627
0.528171	5.074349
6.894466	5.700474
5.200436	0.354258
9.580250	4.234433
16.061242	4.881407
7.915863	5.751041
-0.239654	6.665073
2.711687	5.386254
8.784070	3.732981
14.231472	6.013714
6.528792	5.017813
5.673781	3.498507
10.722962	4.043874
13.598512	3.402482
7.418508	6.096052
7.098468	7.008335
13.757593	5.525623
6.224989	5.955884
5.857303	3.741844
12.352324	2.542390
3.572084	6.066072
7.555590	3.472350
0.150261	6.129747
0.153677	4.644231
-1.131891	4.788360
-3.368232	2.799275
7.211739	4.772415
0.873701	7.158875
2.039124	5.310168
6.696134	5.986247
5.062526	4.674035
11.115173	4.765459
6.287858	3.695261
5.151350	7.992821
5.219457	3.127671
2.229363	6.397640
6.142491	2.548965
5.701571	8.960496
2.648864	5.901313
9.972536	8.451417
3.649577	6.143391
8.456978	8.667569
16.075192	3.129402
8.712095	3.512552
9.024320	6.177610
8.537197	7.199862
14.744286	3.277715
9.178934	3.834004
6.414901	5.821063
14.341035	6.608420
1.151880	6.780409
4.030458	4.379425
10.312296	6.403611
3.445443	4.519519
-6.774539	3.546685
6.781216	2.382778
9.804684	4.353405
-2.860914	5.089847
-3.301176	3.418677
8.355819	2.702666
5.068776	3.560168
11.322104	4.412808
3.983366	1.643121
7.401018	2.737314
7.696506	2.161449
7.362316	7.017082
13.499553	5.300253
7.217241	6.286704
0.156206	2.278339
7.602706	5.005894
7.978059	5.394138
11.901593	0.899831
-2.165344	2.313502
7.139107	6.377930
9.034328	5.637203
7.260261	3.169535
3.574683	2.093141
6.744613	5.283606
2.214204	3.867086
1.912300	4.925756
6.692216	5.664861
-1.366535	5.708973
6.747117	3.550620
11.185602	6.396747
5.759670	3.887513
2.327393	4.670039
12.890702	1.842175
3.680771	4.712120
-4.835779	4.630879
1.724443	6.176710
4.500573	6.863107
4.736182	4.503755
9.908832	5.124396
3.767044	8.711480
1.027935	5.039736
-0.625880	5.283692
-4.565912	4.111794
1.531583	4.156414
9.945438	6.252053
-1.884416	6.710287
7.088578	4.637075
17.230161	4.865619
8.906024	4.140694
10.216920	3.996468
6.198752	7.351107
-3.924715	2.021846
0.595655	4.743375
-0.634717	2.418738
10.768137	4.689451
8.330695	3.408559
-0.763915	6.460246
3.715810	6.414348
3.497122	6.860312
4.485977	2.826261
8.946950	8.410373
-3.330868	2.226097
13.276797	3.722155
1.883663	2.834222
6.159301	5.170770
13.068302	7.252071
0.937869	2.381346
1.442942	1.801867
9.771440	3.958648
4.688916	4.959069
0.700209	4.321774
3.115642	4.315542
2.977413	3.331101
8.667385	2.079034
4.315695	3.543601
4.400969	1.453030
5.307379	5.959719
6.184624	5.530675
1.707930	6.448080
6.105586	9.421737
4.968038	6.062100
11.516752	5.752215
1.937935	7.279816
9.282051	3.048441
1.829433	5.553561
7.256835	5.500770
2.518130	5.863218
11.677888	4.902602
9.067382	6.109002
1.326700	3.741780
3.164079	5.080791
10.123451	4.581571
-1.330136	4.743770
5.046453	7.441382
13.951449	4.855089
7.976455	4.280448
0.738464	7.054041
6.959113	1.332039
0.461578	3.171766
4.476920	5.636078
8.970883	5.091806
6.700500	4.867020
8.337909	5.331805
12.154641	6.785256
9.013121	3.139264
-9.720221	2.801192
22.575352	6.637024
11.648430	7.409487
14.549332	6.450002
4.588651	4.088316
3.585618	3.401108
4.659998	3.948989
2.521676	5.363487
6.024009	4.887645
11.403612	2.527293
7.161296	8.319340
-1.044753	6.480500
8.723069	3.620735
10.956670	6.965189
2.825977	7.932152
5.464941	9.459061
12.362582	6.566429
7.859419	2.825136
8.019158	4.468786
1.386916	7.331638
11.620394	5.995569
16.468610	6.983932
5.828572	5.151407
2.032109	5.259628
-1.152988	7.881360
12.080091	5.142029
4.450005	5.969635
4.942187	5.047307
3.080476	8.095634
0.995768	4.477820
10.864279	5.603879
5.990872	3.806837
1.413268	3.369295
6.183142	3.656806
2.372408	5.718568
1.736586	7.123222
-2.816677	8.366468
8.843143	7.790988
13.390471	10.217938
9.482705	3.457482
-3.628619	6.813773
-0.955224	8.247904
6.004598	5.274779
7.094750	1.674922
5.795974	4.931290
2.279963	3.563112
3.562031	0.489476
4.754508	2.043947
4.365661	8.419673
4.544984	7.490834
1.882241	3.727426
8.323031	4.919208
10.553463	6.828693
11.839188	4.637351
6.705267	5.756683
-0.640227	1.883757
2.535356	7.856902
17.286154	5.310519
3.986006	3.256858
6.299492	3.217263
13.999117	-0.653239
3.371259	7.026223
11.746882	5.608100
3.431178	6.288251
4.706261	2.106576
1.157081	3.823975
6.481831	7.574891
4.907655	5.393164
-4.765901	6.606086
9.510619	2.736838
5.833132	2.917251
8.742437	5.055044
2.596975	4.049046
-7.720617	3.212521
2.996612	3.743535
6.315394	3.747592
-0.083029	6.304565
8.959554	5.673583
0.689953	2.050488
8.917572	4.958300
4.861738	0.459136
11.528539	6.663235
8.065535	5.485943
3.993380	3.938985
-3.172868	5.928176
5.864157	5.510949
-0.145616	3.014504
3.804276	6.740291
11.898913	3.930338
7.844185	5.977508
9.736894	5.105939
3.844010	5.945808
2.232290	5.491523
5.770038	9.240105
0.718152	6.178136
0.066521	3.257587
11.714940	7.631681
15.101045	4.496898
0.509648	2.197011
3.274862	6.129646
1.441799	4.941592
2.524193	12.510157
0.468905	3.650562
5.671751	7.195121
1.444255	6.014959
12.153617	0.746007
-0.141827	5.138930
8.632117	7.126894
11.642315	5.332967
4.995742	0.911170
21.139823	7.263611
8.909215	0.416341
3.072686	5.039445
3.306044	2.022713
3.314166	6.959430
4.661180	2.566610
9.782021	3.585835
14.388657	2.476478
4.597719	8.230900
8.888468	7.959333
-0.731990	6.655227
2.892875	6.920317
6.744197	7.769683
12.502317	3.773865
10.812559	3.823226
21.238549	0.949683
8.031151	3.171688
-3.797147	1.813796
10.389258	8.320975
14.380821	5.851399
8.972185	4.933743
10.109241	6.724737
6.751353	2.704607
4.399905	2.963088
11.161970	5.776703
1.690445	6.810385
3.652124	8.004435
8.701315	5.442808
-1.997275	7.795653
6.726196	2.771287
13.999903	3.937666
8.176531	6.921364
10.196941	7.145972
-2.131328	4.816311
14.205858	6.365985
7.429342	0.359100
3.861003	5.842019
0.739635	3.974908
4.694707	6.836006
10.148373	8.397394
2.419822	0.498072
5.368166	4.504210
2.105921	7.424285
2.940523	6.125867
8.700222	6.151265
5.915247	4.909678
10.904819	7.439323
7.373336	8.475505
7.571963	6.372367
11.578279	6.482033
5.561760	5.809698
13.433429	2.343688
10.310418	3.726991
2.409721	7.629896
0.320394	7.376722
-4.396680	3.246183
4.564318	4.637859
6.361178	7.032381
10.565056	4.593606
4.785540	4.096702
10.406071	2.582632
3.424165	4.051246
3.788379	3.729584
-9.198154	4.187203
3.287936	7.500654
5.425520	4.336805
6.944684	5.783421
-8.904380	3.644628
3.109142	7.687153
2.021058	4.614693
4.543403	4.715530
-8.043602	4.715794
-3.363258	4.719729
1.456153	3.503847
10.777169	4.763311
11.679945	6.238939
10.841136	5.011070
13.352577	2.615640
8.514910	6.526935
2.112043	3.331456
7.602032	6.222782
13.193523	3.455534
9.344510	7.454632
-0.492729	2.668368
4.488109	7.257632
6.910680	6.774361
2.624151	8.883498
3.601003	7.242836
9.501678	2.640407
14.429953	5.599301
6.104360	3.401580
0.815887	8.018463
9.787925	4.824375
8.657307	5.796790
-1.627857	6.679703
12.943746	7.927012
9.852262	5.673421
11.050018	7.821260
-1.552973	6.296088
15.713359	6.554787
1.652157	5.976153
12.447954	5.685779
14.921240	2.507836
14.870744	0.163309
8.101322	5.682295
-2.684737	2.491939
6.786128	4.631078
-0.421955	5.423178
0.989015	6.695533
8.301931	3.766172
-0.824063	6.889060
9.105150	3.225895
-0.123476	4.990796
-2.276917	5.666631
11.172491	5.934995
-1.886801	6.992279
8.541838	6.372254
-1.776582	3.524970
-5.939419	1.225156
3.754236	5.769052
-2.746036	4.937731
14.015891	7.044488
8.084438	3.309883
4.117539	3.526867
8.776114	6.889903
2.037583	5.793060
-0.035552	1.974461
3.698335	5.213928
4.123032	3.532987
-1.817335	5.976142
3.028540	2.980896
15.361598	6.008482
5.463658	5.422544
3.879928	7.288304
-2.138161	5.680517
6.631721	4.354234
10.172789	0.463428
1.202287	3.435473
3.262308	8.579632
5.483694	4.420799
3.880639	6.478934
0.309122	6.617611
4.991247	2.896810
9.226686	2.500230
10.373800	3.726143
0.536379	5.030725
-5.709485	4.322152
3.435379	6.753780
4.195874	7.934714
1.057105	5.663312
2.628228	7.476250
3.831286	2.382465
12.959524	4.968558
0.852325	6.597323
5.652165	2.063947
8.550489	3.274045
5.656582	6.264063
7.137344	5.482162
4.357754	3.287983
0.886675	4.377371
4.126430	5.731568
3.169727	4.742748
8.614505	7.674421
0.834437	4.594484
-2.305976	6.756335
-5.098595	6.565956
0.813617	6.435219
10.538269	4.351535
6.466429	5.901498
-1.791249	5.502974
4.203674	4.811688
10.019773	1.460961
-4.256402	6.878824
-2.926229	3.298331
10.088224	5.748802
2.747617	3.738768
0.296750	7.370490
4.121093	2.658220
6.775683	7.713094
4.092929	4.298618
3.502605	6.289287
11.278717	4.506448
6.179027	4.808708
15.343517	7.551998
8.047125	4.235886
6.873610	3.938630
9.066482	4.667313
11.269788	4.647525
4.549387	4.126412
2.744616	1.477463
4.125856	6.104064
11.085106	8.220039
7.294165	5.320909
1.578689	5.434398
-3.819103	5.920322
5.824679	8.912226
7.113196	5.097399
3.377499	6.559506
1.429405	4.005776
8.792103	0.768919
11.475112	5.236300
-0.155792	5.850694
-2.190858	2.215386
2.057124	5.231828
3.386213	4.208825
6.984987	6.840821
-1.585551	5.930273
7.370227	5.274481
5.407159	5.068350
8.914359	5.524146
6.331483	1.796359
-7.165620	1.972271
7.260701	7.497590
-4.940370	7.799442
5.100189	4.399664
9.207996	5.769362
4.545870	6.469330
6.584189	2.684540
3.508511	3.435721
4.426487	9.362917
3.658565	5.920116
3.386187	4.230406
2.639451	3.615005
7.928197	4.757493
6.122870	4.607762
9.037665	4.781524
-0.974263	7.153991
-1.920232	9.192223
4.352330	8.990114
6.694841	3.811805
4.894249	1.978006
6.689903	6.663934
7.676519	5.965053
2.025004	3.099258
5.443967	4.678015
5.618955	7.114997
3.154372	3.282351
7.840696	4.975387
15.599040	4.733548
5.551138	5.276241
1.718536	4.860930
11.802761	7.085586
1.672794	6.103931
3.502671	5.655064
5.785189	4.182278
4.033842	6.308585
-1.453155	3.032634
2.217234	4.700131
2.867574	5.000696
1.856201	6.295394
6.285737	8.121727
-0.242230	4.451156
7.801965	8.054159
1.206800	3.076363
-1.531447	6.091953
6.642258	6.975429
-6.955473	9.035356
1.157640	8.445814
10.723681	3.375288
2.994082	5.082437
1.740459	5.159701
8.002856	4.229631
7.285172	9.049505
0.840916	3.662402
9.863920	4.699374
8.667399	4.275669
2.967842	7.309325
2.946179	5.753856
-1.224162	4.240859
4.836375	4.588245
-1.091258	4.530289
2.813161	1.794944
6.174193	4.508769
1.112120	2.134017
7.120684	5.181302
11.265188	5.685935
5.911548	2.421305
5.891955	5.060063
0.771573	4.744514
17.780980	6.399092
0.585903	7.778971
6.407598	1.712148
-4.472412	2.872862
8.012411	1.940632
9.348235	2.932620
5.211601	4.593555
8.179118	6.247721
6.890476	5.059758
-1.240049	6.042169
11.301728	5.147945
7.510060	3.722221
16.250058	7.550167
3.668130	5.040565
11.148683	6.869123
0.852477	1.412232
13.369321	6.996086
2.484084	3.954018
5.311980	2.972402
7.709646	4.344155
-3.724260	3.280473
0.222978	7.045935
-0.319853	6.487293
13.628826	6.786905
6.141963	0.458784
5.068659	7.917100
8.319249	4.251181
4.933453	4.667584
4.063571	2.510434
3.708483	8.338072
7.865192	5.154923
2.038117	2.577485
1.895521	3.440571
-2.199727	3.363791
2.717852	5.473454
4.155130	2.993183
10.694825	4.704900
1.227790	3.698855
10.250012	5.724318
13.505501	4.502283
-0.038358	6.202659
4.810368	4.614792
0.074682	6.381727
-1.072435	7.956516
10.158187	3.268426
-2.342265	8.540168
-4.180185	2.787643
9.580337	8.106879
3.322851	2.892847
2.519473	4.738096
6.635493	3.622420
5.608507	6.530501
-1.161163	3.526839
1.304342	3.544785
3.640241	7.602786
7.191828	4.024027
4.469707	5.833043
2.627813	9.082361
3.938011	6.883608
10.633224	1.363776
-6.621676	6.619071
-1.635635	8.012968
-0.371868	3.672488
6.874037	5.060532
2.798813	6.873514
8.192110	3.368785
1.121203	2.289003
8.084926	4.723181
1.490998	4.084267
14.063076	6.880661
5.793781	3.886645
12.860756	11.177819
8.141985	3.064562
4.756022	3.810580
8.025758	5.217859
9.929228	4.448422
5.842141	2.755247
0.958312	2.662515
4.961178	6.003657
5.980046	2.031778
-2.670540	6.894300
12.929478	3.658736
6.908693	5.374312
9.127028	3.840781
4.143869	5.794341
14.187501	8.718874
9.957993	5.545215
15.028703	4.739303
9.694020	6.029113
7.295355	6.165721
1.816560	8.325326
1.084531	4.788993
13.114979	6.618330
8.711592	5.624480
4.873449	3.744284
10.425024	6.467956
5.378143	4.914172
3.384689	5.566560
4.532994	5.616214
-4.948545	4.717525
6.238915	5.144562
6.485631	3.202333
-0.329851	0.502732
7.994342	5.253765
6.697688	0.935665
9.016210	4.616093
8.383723	5.135891
2.507521	5.158087
3.662535	5.336728
-0.117822	5.322639
7.648479	5.069603
8.024421	2.046613
10.230702	5.058520
2.649109	3.662127
2.605868	3.787526
11.223514	6.951027
10.167238	5.170906
7.174577	3.535904
5.990940	6.055682
0.697790	5.425022
0.966151	5.433907
6.530721	6.382448
-1.179929	5.258817
7.354170	3.109433
12.923448	1.224837
4.984163	5.334183
4.983372	3.103356
-0.656717	3.790070
3.823870	3.356102
-0.976625	5.869244
1.088753	3.633651
-10.350407	4.180120
11.654721	4.942881
5.438992	2.876133
14.052647	6.098737
0.606945	7.561656
1.909201	4.033613
4.630193	4.521327
-2.000838	2.563584
6.668165	5.874269
10.673481	6.020698
2.122625	5.664708
1.478971	4.494152
1.131091	5.278468
3.364211	2.875014
7.491946	3.751444
5.301331	5.906185
-2.772837	7.789627
7.696276	5.001902
4.606253	8.580810
4.542529	3.588252
3.610653	6.024282
6.483948	6.808472
4.095821	4.217457
9.230470	4.698593
-0.411195	3.252405
8.982983	2.174760
2.992261	4.544477
-6.198340	3.068016
6.489863	2.710868
-1.698977	4.199563
7.571237	3.632183
0.652657	8.290782
4.597622	6.858444
2.681630	4.269051
4.216790	6.089056
-3.922836	3.492873
3.097693	5.827502
7.563046	2.268564
3.332563	6.218402
3.736416	4.063894
11.283342	4.724574
5.976145	6.434388
2.872571	5.416704
6.593815	6.467724
9.351769	7.078491
11.579542	6.480584
8.472008	4.695138
7.041385	8.994219
5.166440	2.963278
6.038488	6.542897
3.922040	3.686593
-1.346988	0.758691
5.160719	5.905145
13.626730	4.432030
1.711477	6.599114
10.699414	3.977073
6.334781	3.872115
1.835839	2.658887
2.426827	4.983720
9.714359	7.997591
8.334763	4.140677
1.154006	3.766525
11.176119	6.094610
5.219411	5.026347
6.131756	1.531337
3.917149	3.934071
8.104375	7.699526
5.753521	6.538610
4.397346	2.691484
5.804667	0.936168
4.257512	5.173580
7.458214	5.222158
-2.912824	4.039118
11.118925	5.222233
8.050633	7.274564
3.062087	4.004571
4.607613	6.599309
3.096396	3.332473
9.744196	5.373227
6.343454	2.998485
9.121307	4.624102
-5.402940	-1.098333
8.523274	0.819274
-2.393601	5.665668
8.316618	3.038126
3.008980	2.545687
5.590698	6.265386
2.032803	7.694600
0.119507	3.919655
8.686299	3.119459
6.091709	6.584414
3.541491	5.164063
5.277812	6.856286
9.645975	6.789138
9.729954	4.428666
2.068239	3.506456
2.539545	5.038192
7.204736	5.460915
1.708627	8.430023
7.072365	2.576827
4.121488	3.911583
10.053594	5.478376
14.055332	3.759724
10.279851	2.139109
14.182848	7.144680
6.923196	7.630689
9.370909	5.529192
0.987243	0.001793
7.414708	4.529556
1.661740	4.367407
3.767887	4.819655
0.384414	8.478089
7.524197	5.341738
4.442152	4.999235
3.647421	0.308849
5.820633	3.386086
0.471685	2.902483
-4.626770	8.607686
6.122802	6.427150
3.248721	5.085261
-0.489675	3.286468
1.302314	2.669931
9.494920	4.646570
4.110375	1.768311
5.091172	0.551606
1.874249	6.349708
6.417510	1.990145
6.555153	5.401689
8.719320	1.048699
9.656369	3.703325
0.014097	5.035123
6.160811	3.755832
2.200948	6.957113
5.181910	6.867955
2.481284	2.402173
11.108385	7.646096
4.520569	5.505361
1.146066	2.327277
6.535621	4.571533
0.325056	6.454153
1.113090	5.927003
5.790637	4.383774
3.945350	6.737872
6.835307	4.423892
15.329320	4.369198
-1.911461	2.327622
-0.831509	5.222388
3.325613	6.345381
13.823851	6.929801
4.072112	8.045571
7.267092	6.355821
9.648640	7.911848
6.140846	4.738107
14.440809	5.876801
13.837667	4.580281
4.514880	5.263289
13.639325	7.198918
6.417011	3.585065
2.998746	6.640450
6.853525	3.663114
-4.818830	3.532090
10.714109	4.564091
6.065602	2.137540
11.676021	3.812507
2.824766	5.915984
-0.420694	5.370535
10.756628	3.051904
16.173526	5.658079
3.087185	6.207524
13.149825	7.377930
-2.585385	4.196070
3.484683	4.097881
7.222488	2.210794
3.620576	5.137825
6.654907	4.391928
1.888187	4.016343
2.504842	4.573770
5.882076	8.002845
7.639251	4.927998
9.569259	3.713151
13.577756	6.489358
10.921245	4.488196
10.803823	7.272564
1.794993	6.210978
8.087227	5.994566
5.818112	9.381616
3.972146	4.295586
8.878952	5.061388
5.893597	3.319092
2.243572	6.033557
2.811518	-0.534424
-2.919904	5.387492
6.125544	7.140905
3.959873	5.366357
10.525802	4.126978
-4.576318	6.593800
6.134078	6.435994
-0.631323	4.804444
2.622372	4.184313
3.800376	6.176019
12.706621	2.020815
6.748226	3.894607
10.388910	4.403102
-2.243372	3.361672
0.464047	4.334286
15.246181	3.763967
20.334988	5.121741
9.349725	1.298522
1.459493	6.566115
12.018897	3.489544
10.753802	4.705841
8.700163	6.243326
5.683681	1.431574
7.780072	3.467750
-1.994280	0.230874
6.591170	6.443163
-0.734711	6.480777
3.330818	3.299970
-5.242762	6.229396
10.406603	4.784393
9.185178	4.096572
8.326314	1.150255
11.680989	4.502305
1.781355	3.968977
2.691082	3.516960
9.909938	5.084707
3.847189	3.247224
-1.207901	8.639562
-2.442312	1.861532
8.688427	3.230269
1.587875	4.728446
1.628146	7.258060
8.702468	1.862200
1.578164	5.394730
12.335824	2.285753
4.963148	4.570019
6.776668	9.117122
7.304004	4.870054
8.607854	4.546062
5.397218	6.593513
3.529159	3.347455
4.109341	5.846727
4.065416	5.220730
12.068789	4.492241
5.964151	4.989134
4.236516	5.328723
7.015200	6.689255
3.602310	5.538007
1.411444	4.007349
7.021518	5.732317
5.883474	2.439053
-2.102218	3.124198
5.365371	3.129142
12.751752	7.523494
3.252380	5.613289
9.808440	8.139355
3.790843	5.014285
3.021368	3.471461
10.570058	3.025426
6.929867	6.573905
5.646435	2.347810
6.750204	5.703681
4.571942	5.797864
5.796089	3.383888
3.553999	6.086419
-0.235513	3.722503
11.149144	3.457670
15.262762	4.913451
2.756022	2.237903
7.195808	3.887477
2.043287	4.386313
13.500031	3.110945
6.464201	6.060580
8.346348	2.684708
17.063862	4.394875
7.859688	3.058276
9.286321	6.298201
10.079472	5.935406
3.140805	5.898133
-0.691037	6.260783
-0.790966	5.233017
0.641650	0.217920
10.057558	5.247633
5.514571	8.433933
-0.679047	3.270612
7.217502	2.796220
10.120037	6.327531
13.523213	5.528167
3.059051	9.502359
6.469340	7.994510
-0.992824	3.134021
9.688304	7.217592
6.098450	9.389472
7.529187	7.418803
7.934927	2.318634
3.345201	4.791129
2.031503	6.411164
-1.901710	5.756688
4.004659	3.519732
11.925638	2.323694
1.461092	2.557502
3.653659	6.398261
6.911012	5.007925
11.794100	3.708955
6.574966	2.948700
4.202588	5.730817
7.534055	8.543905
-0.622523	1.252661
-1.512785	2.001835
-4.027351	0.176909
13.774077	6.989200
6.142222	4.548141
2.204566	4.562574
10.415597	4.409919
4.513843	3.255102
1.674915	3.242873
-3.816379	2.655344
6.643670	7.231764
6.561312	7.367201
8.573292	5.550409
8.616137	3.555522
5.985857	5.306012
8.804075	6.656059
3.870125	6.419405
3.150113	5.851906
2.602235	7.262372
15.355649	4.379672
8.180397	4.789487
4.704921	4.526492
4.406024	2.701676
2.596706	4.658060
1.098372	6.227651
2.018063	3.714689
-1.524226	6.069665
3.292773	7.144166
4.359835	2.565899
5.897106	3.554034
10.466339	1.349383
0.318455	6.571116
8.942649	3.257019
10.655809	8.476085
15.767271	1.056827
0.615709	3.092000
8.058925	1.867617
-6.179591	5.834540
-4.255108	6.059006
8.610599	4.988734
6.923524	4.602857
2.725641	4.796988
10.893818	1.692699
-2.574022	4.418087
6.681508	9.449883
6.272046	7.176892
2.437519	2.965646
7.896624	1.711481
-1.782762	7.885125
7.450616	6.212921
3.969901	3.980254
2.721017	6.818579
3.490460	7.354297
-5.572905	4.104754
7.451700	1.828712
10.205209	4.936559
8.918892	8.591804
4.224541	4.716039
1.920714	5.967832
0.074648	4.591676
7.284258	5.138512
6.989172	7.035914
-10.278942	7.489473
1.232068	4.930276
11.747374	4.199562
2.151820	4.215724
12.295762	9.163565
7.460090	6.329294
-1.620412	6.122991
-2.864265	5.699829
0.645653	2.949128
4.279817	3.095266
10.052454	2.742628
7.523372	3.060846
8.466919	4.819944
2.372255	5.052115
6.796282	4.099849
8.272564	5.759167
2.535115	3.349909
8.332640	8.156532
-0.343840	6.275077
1.842061	7.348900
4.068926	3.226406
-0.200368	6.252453
0.454690	2.902905
9.488674	7.761276
6.780457	4.065575
-3.766407	4.765517
3.256082	5.142329
3.158972	6.151752
-3.676703	3.664103
2.692617	6.776076
5.998648	6.489933
3.076663	5.371091
-1.269151	3.860924
16.604307	5.221677
9.022571	7.216072
-6.193825	3.352954
4.998486	5.533558
12.076170	4.246802
6.440932	3.074730
1.763181	2.626651
11.408991	7.677017
6.689137	4.284694
3.114976	1.739241
8.531332	5.684821
6.779937	7.184269
9.799242	5.827547
1.201162	5.597974
7.813099	4.414242
6.597638	8.713247
4.831151	5.083899
0.007240	1.691064
2.029529	7.025151
10.482197	5.213331
7.601285	4.145465
8.341760	4.707361
4.672739	6.280699
5.492370	5.137231
8.977502	3.740123
3.243702	7.005943
15.332273	4.458660
5.154105	0.767791
4.467988	5.594498
6.297056	10.873127
-4.507435	4.703381
10.998957	6.536478
7.626476	5.850133
8.873017	5.318535
5.479169	3.330529
5.691287	4.114375
2.913161	8.431314
6.901085	6.825828
6.402360	6.033160
1.537984	6.321715
5.895478	3.302523
4.123589	5.729211
-0.280411	4.470290
6.079357	7.909481
7.436182	2.726720
10.477732	5.598025
9.414293	4.819840
6.607815	4.173355
10.458973	5.469270
-1.162468	3.106426
9.712264	6.449982
0.524594	4.648347
12.659611	4.154031
10.484532	6.780781
8.040403	5.163210
10.749945	4.022251
5.557690	7.165205
8.599237	4.568566
2.185297	4.089373
4.866899	3.664670
0.588722	2.294052
4.250798	3.165739
0.692927	3.656983
-1.853289	4.319197
4.040146	4.806684
10.592290	5.906512
18.952745	1.873762
4.145882	6.467667
5.441091	3.790479
6.672730	7.781729
-1.327668	7.510137
3.867260	6.054608
5.730565	4.682574
-2.716414	7.533180
-6.564043	5.905461
-9.297886	7.216901
4.294099	7.215972
2.242960	8.314375
5.574153	6.739436
2.063457	7.409136
5.357660	6.348854
5.770340	5.989590
0.943225	7.601260
-2.527797	4.976010
6.150930	5.447851
6.365035	5.658232
-0.971817	3.992622
6.807608	1.354799
12.092949	2.903420
2.863755	10.301780
10.809450	3.893579
-0.818583	4.855232
5.972639	2.330351
10.365687	3.809465
5.562842	4.417655
4.965784	4.372530
4.065929	5.880437
9.532364	2.431663
4.871155	2.458410
1.231164	8.907253
2.088415	5.865741
7.326253	3.822249
8.460087	7.693429
8.037555	5.959986
3.499352	5.367105
4.535629	7.380657
4.403456	6.513767
6.656577	3.946379
-0.943995	3.579595
3.585596	4.671216
18.741345	0.931947
9.937943	3.731288
-1.374292	3.553229
12.007759	5.728435
4.769533	3.971811
12.891215	6.620504
11.404638	6.626249
4.285417	6.075697
11.654354	6.485629
8.693811	6.696031
0.901598	7.984617
3.024264	6.266953
12.641909	5.372354
3.435566	5.600891
3.652183	5.462704
3.637752	5.903624
4.881720	2.010055
7.962438	5.654477
17.057098	9.381132
13.372677	0.421942
7.031309	5.069552
5.515871	3.315272
3.472837	6.893996
7.793106	7.774782
7.503764	6.970960
4.950590	7.486778
-1.108065	3.486924
-2.017092	5.049051
6.138898	1.823978
4.075911	8.204690
7.669583	3.780478
3.244968	6.154558
4.143651	6.562247
8.015514	4.830708
3.876283	5.467273
5.364015	5.350696
7.333760	1.466911
3.589438	5.094427
8.161810	7.103194
14.393826	8.011653
5.654353	4.143999
6.512255	7.516365
6.945961	4.298167
4.435610	3.093245
9.187913	4.961504
7.273303	6.312581
3.431717	4.339788
0.539874	3.822685
9.156116	8.096146
2.738388	9.044063
0.946988	2.725680
8.204797	3.525479
-1.192942	6.758374
10.237346	5.093465
12.210231	7.404554
10.187185	2.252031
6.322439	9.181964
11.809608	5.067327
14.627738	5.066801
5.036263	4.139304
-3.038585	2.878603
1.346799	0.868382
7.984075	3.782376
-0.391423	4.828269
5.515889	8.432987
9.665815	7.068519
-2.330671	8.229241
6.301109	7.004318
0.717176	6.825592
1.219602	6.244346
3.874271	6.402430
6.786688	2.538184
7.496643	6.748946
11.881315	3.499824
6.282792	5.085806
9.067328	3.985188
12.197365	3.991342
9.925795	6.646951
0.915763	2.743628
-5.528996	7.154174
0.820718	4.080895
2.666270	5.713513
15.052206	4.044967
2.442619	1.945665
-0.331123	5.173753
4.031627	2.920891
-1.939918	4.029656
2.220082	4.374749
9.853151	6.869264
-1.577823	4.756140
3.024849	5.637562
0.095863	9.819143
2.340463	5.980982
1.893573	6.772280
-0.415726	6.721890
-2.867015	3.294824
0.871455	6.337673
1.573409	6.336068
6.150138	6.394457
5.694732	1.800609
6.474505	5.118751
5.429528	3.970815
2.403410	6.370859
-7.191436	5.887411
2.152924	3.720477
8.659605	6.444714
12.682733	4.995178
2.107199	10.364978
14.283670	7.220059
7.231989	8.205196
7.947006	4.427915
13.952605	4.631068
11.249980	7.146536
13.748028	1.647374
5.653007	-0.030339
4.702896	5.689146
5.886539	7.467713
10.230399	6.439949
6.005397	5.960630
7.931675	3.637409
2.722923	5.489677
8.647024	5.340066
-4.894356	7.147899
6.958636	4.336755
-0.485929	3.983859
7.280969	2.863392
5.367511	9.013649
2.901520	7.619917
11.331590	7.281900
7.888366	3.926350
6.545936	5.537302
5.480936	2.097101
3.041265	3.496706
7.724442	4.993000
12.988247	4.625642
9.154927	0.540241
15.084572	3.852257
6.586773	5.985374
-0.231025	5.396362
-0.877251	6.141976
2.797606	8.108100
-2.193231	4.501954
7.627177	3.607022
6.563033	5.943899
3.177188	5.038945
1.047370	5.719771
4.527007	3.602961
15.597376	4.293295
0.517002	4.674694
-0.120964	7.825639
0.328412	2.974121
-5.024390	6.613954
-3.855392	5.123799
1.452757	6.482427
5.700540	2.536349
10.657236	3.134009
-0.734725	0.405293
13.644246	5.456983
-5.183309	1.876984
19.350663	8.237077
11.582464	9.047608
3.147091	6.795592
8.794892	6.447340
11.247612	6.484940
5.818056	9.264049
9.585265	7.097629
12.326142	3.908877
5.463633	5.351592
10.774349	8.583363
11.825388	8.298834
0.706008	8.451629
18.418979	3.290332
15.246118	5.946846
10.847442	4.424842
-3.825157	4.194440
6.548455	7.478806
13.050445	4.209639
11.123691	5.475704
3.129651	5.088870
7.409534	4.820634
13.537176	2.991168
7.769554	3.624346
11.473113	6.096419
4.777816	5.693707
2.713688	1.514264
4.261300	7.054043
3.568067	4.928260
2.282916	8.414204
-0.624617	5.646098
2.860019	2.047549
1.418036	3.895026
4.911629	3.506757
11.107326	0.815823
10.460851	7.391699
-2.531535	6.495037
5.452112	4.624550
-2.753596	6.590426
13.394114	3.400329
1.578385	4.029866
1.645428	10.582018
2.579766	8.670797
5.015347	3.966395
15.381267	3.967412
-1.196572	3.180324
13.535462	3.471705
0.328708	4.474134
6.171362	3.189134
4.323675	7.254680
3.379933	5.912691
7.380307	6.720958
2.693082	5.110517
5.440109	5.794000
11.318650	7.726194
7.983193	6.480476
10.045489	5.300898
3.005606	3.554193
-1.257631	6.279894
4.996589	6.827480
7.138994	2.754511
15.385102	5.682270
10.188269	2.262113
0.522382	2.342289
1.912110	3.602347
-2.465292	3.270923
4.391485	4.972378
6.857742	9.134806
9.420174	2.732468
6.071579	5.313095
6.001297	4.019419
5.583966	3.064277
4.407418	3.514138
6.193663	4.071045
8.013914	5.365874
-1.421683	0.559950
9.727977	6.387781
3.709002	5.589939
11.713569	2.986879
-4.430353	6.256498
4.130038	4.217798
3.311273	4.543572
6.551978	4.694850
-0.704372	6.526931
-1.218375	6.556241
-0.148850	5.222338
3.970557	4.517177
4.726727	4.067911
4.589429	6.242593
1.552113	2.665119
0.554581	6.717322
5.735940	-0.031722
3.635959	7.431087
12.881076	4.498943
5.093222	4.502219
17.236074	4.253797
9.316325	2.866595
0.146060	1.823242
5.537619	3.163001
7.216430	4.446220
4.837736	1.692897
10.233632	6.192828
11.900872	6.801478
2.009254	5.056564
1.152069	6.695918
3.703035	5.086899
9.818824	2.874369
9.970757	5.955172
9.206260	0.971773
8.601321	2.626343
9.974674	6.821212
2.751602	5.751488
2.138124	5.437331
5.538878	2.498319
7.021249	10.690433
7.475417	8.542435
7.816526	7.323834
2.029756	6.252867
6.383307	7.064128
7.089033	6.716925
10.400529	5.126666
-1.015392	3.809396
4.717825	6.819436
4.113006	6.652053
5.516861	6.119228
8.086516	7.790486
2.144456	3.466001
-7.532933	2.210634
13.156358	3.049482
6.294427	4.253238
10.931936	4.696379
9.323676	7.535185
-0.824705	5.001108
7.365547	2.894054
10.655800	2.789126
7.502867	5.543438
-0.649445	8.409269
-2.676508	4.998081
14.137581	4.892033
0.175344	4.347504
3.218213	6.358163
8.772556	4.762219
-5.572873	4.605330
5.584676	4.435075
9.322115	5.842571
11.740920	8.870199
8.305613	4.993101
12.790320	4.479004
3.973531	7.497654
6.332729	1.548352
7.989763	7.262563
1.969985	0.660709
2.819599	1.703219
12.981297	1.870998
2.422070	5.334007
9.936112	5.355068
11.297758	5.956634
10.498234	3.693676
2.580560	5.052822
13.513199	6.445594
20.922932	4.499208
0.281397	4.645746
7.340684	6.857547
-3.389982	1.554387
8.776557	7.430755
9.629598	5.592846
5.492148	4.880742
8.943484	7.246911
6.323263	5.639314
12.827664	8.489197
7.210143	6.868128
7.440138	4.097992
-3.050747	0.187413
-0.616267	4.979934
0.408445	3.026138
3.023983	5.506799
2.755601	5.304193
15.998179	8.179144
3.712544	4.854915
12.950398	6.188357
-1.011508	5.747805
4.325575	2.102921
-4.498781	3.767672
6.808795	6.812574
9.486256	5.489959
7.771969	7.199026
6.505953	2.669358
8.921580	5.106981
5.532988	5.388793
-0.138211	0.236320
5.409480	4.822482
7.211631	5.628976
9.194417	8.148600
9.202479	5.358584
-4.177517	7.169102
1.495213	4.351564
-0.162965	1.988986
3.535435	4.568885
9.000428	4.527151
2.572779	1.750002
6.615060	1.249981
10.768664	5.279007
13.217803	6.736126
8.315767	2.463695
2.348305	5.079058
5.098397	7.400544
7.417824	8.650273
0.495629	3.115829
10.635580	6.064701
4.577126	5.147531
7.309219	6.885498
10.224519	4.420090
6.070127	6.808154
5.422327	2.919010
4.330614	4.081085
-0.848823	3.768489
-1.569043	5.945639
1.370076	8.854422
8.787048	3.632576
11.234746	5.974264
14.109005	2.221291
3.437699	3.077482
6.470349	10.223231
19.167900	7.918112
7.150941	1.363156
0.521225	7.478501
3.175102	5.219103
11.970785	6.433340
5.490115	2.666616
8.078880	4.804996
6.010108	7.166972
-4.302909	4.092681
3.935428	1.612397
7.732619	3.660025
-0.060078	6.662376
5.727888	2.802368
5.013048	4.845378
2.038218	2.227898
11.643113	3.856167
12.875377	6.480716
1.156234	5.265158
4.127868	5.735778
0.153828	9.835992
-3.056412	8.316532
3.026984	6.581827
6.073863	3.846974
5.330131	2.800540
14.428504	5.448705
11.846859	7.051107
-0.230467	4.376391
7.564700	7.733340
9.930472	4.297323
4.321076	5.306328
1.612388	4.820256
9.035804	3.831959
4.319366	6.324831
9.344980	4.207887
3.400488	5.852642
-4.179301	-1.042728
9.597809	3.927726
5.852114	8.135077
-1.929372	3.699296
10.091670	5.787868
10.979778	7.309391
-4.806840	7.210868
17.110561	7.520864
8.382704	6.178792
8.463276	2.967190
-2.002787	4.593068
5.977795	4.842265
6.141069	6.509850
5.624666	3.444795
10.220018	6.970648
6.558447	3.754284
3.667018	3.475386
3.307546	10.575741
5.642205	2.935593
4.342950	6.621719
4.930149	6.633213
7.709209	4.819206
0.830121	3.738358
-0.837321	5.808448
17.303254	7.629972
6.286630	5.653337
-6.921573	3.065641
9.777194	7.867915
13.090585	5.326627
5.884448	5.244956
6.995237	6.596286
8.189960	3.872198
8.635740	5.493711
7.018654	2.091195
7.757179	5.284229
13.313152	5.917312
0.147700	3.691295
10.013503	3.648166
3.853275	7.436346
4.023085	2.940086
9.353029	4.406517
-0.826975	4.626225
-0.065343	3.061530
3.842006	6.671671
3.043945	5.061104
1.268453	5.251952
5.019843	4.828175
2.928600	11.154594
1.195070	1.975738
-8.149468	2.844203
8.286205	3.787657
2.534169	6.402433
5.454683	4.166499
12.275178	6.343386
10.673966	0.900096
8.042876	5.465846
6.099766	4.164375
7.236525	9.167258
-0.727127	3.830308
2.145233	0.972061
0.257885	4.450597
10.242401	6.390568
3.126921	3.923230
-1.131621	3.927920
12.624916	5.339767
11.933706	3.155951
0.394827	5.330775
13.750226	8.105245
8.265325	7.750381
7.610159	3.581508
15.485093	4.965748
7.807354	3.156841
8.251890	7.040271
6.078565	4.516945
2.408546	3.115187
6.921766	5.372008
11.573194	3.685325
0.049983	1.032359
7.623476	4.632238
-3.831513	2.432941
5.805862	6.988483
3.194928	3.870906
7.959775	4.421764
10.598130	4.048436
4.237774	6.727384
5.995199	3.915948
0.481870	5.234051
9.111163	5.379780
7.858629	6.660793
0.809910	4.622587
-4.839936	4.575223
4.747345	4.438886
-1.306393	6.049570
8.559425	5.421890
10.840269	7.758496
-0.426411	3.017111
3.693669	6.039194
3.682211	5.077145
5.738529	5.968276
5.044288	4.044991
7.050229	4.278163
12.073699	5.806921
6.902197	4.689562
-0.707812	2.348600
4.952010	2.917005
-3.829596	7.725569
3.614400	8.920612
5.130479	4.299583
9.209360	3.706252
14.591254	7.200585
12.545898	4.142961
-0.419825	7.241327
13.507729	4.582575
9.451368	2.520898
-1.009219	5.063768
1.769024	4.290958
8.368716	3.414872
6.235931	4.273723
15.305141	2.911543
4.508811	7.048952
1.656415	5.602834
0.911642	5.918958
-9.248297	6.104367
10.623593	2.545125
5.836726	4.955394
-0.741818	4.832135
9.379161	5.551209
-0.841500	7.592439
4.503704	2.673887
-5.358935	5.419384
-5.381141	8.755555
9.367806	3.864558
4.732700	0.807719
-0.282019	3.174785
0.982572	1.506678
0.214243	5.007275
12.440119	5.888969
6.142370	5.268934
1.049028	4.938636
-3.016280	6.153332
6.390048	7.827615
4.101804	3.081347
3.629734	5.023663
7.966440	5.886058
12.561308	1.934689
13.700512	3.830462
-0.154890	1.509296
10.619686	7.655518
8.643586	7.670170
4.545218	9.391469
10.521149	3.524718
5.402583	4.804120
-0.664514	7.466481
5.778077	7.354806
2.166844	4.232224
4.395632	5.690892
11.615588	4.213361
5.415168	5.181854
19.598710	3.241512
16.557530	8.023384
6.337156	4.973671
8.882740	3.749126
13.201206	4.338768
10.771605	5.981466
-2.004818	5.917232
2.417425	1.892952
9.215987	1.221446
10.709618	4.159246
1.319283	5.292976
2.228572	4.898353
12.918427	3.696910
9.489508	4.702436
6.597282	6.087874
4.751391	6.544293
6.153389	4.322016
5.287670	2.816032
9.198794	3.732718
14.440236	5.960013
6.400311	4.061027
2.256593	8.293068
0.558487	1.942821
5.735713	3.501122
11.697011	7.844336
4.048233	4.518483
4.327864	8.108718
-5.582256	5.062340
2.412382	4.054535
5.948774	7.216972
9.563067	1.215847
-3.172574	7.163774
8.258033	7.347416
7.022040	4.223675
1.711434	2.847758
1.908801	7.486591
2.650227	4.384838
1.035408	1.833912
9.832474	6.112176
14.374337	4.182091
12.722530	7.131303
4.550343	6.792847
2.421175	3.597708
8.805874	6.048690
7.155547	4.472485
10.193023	6.537887
-3.796007	5.535130
9.863050	4.621988
7.700065	5.182842
6.087594	4.729390
13.248351	2.688481
4.959178	5.202149
7.008596	6.041297
6.766699	0.311803
-0.975668	5.029852
-3.385518	0.939815
2.579382	7.575667
6.837724	3.901030
7.165337	4.277053
-2.929009	5.313737
5.442005	5.733917
13.714969	7.777125
10.488389	2.033081
6.874501	4.572943
8.056231	4.894899
5.726665	5.611034
6.642597	2.950151
9.841784	8.074811
3.796235	6.581079
3.651225	4.903875
3.626888	6.393388
5.956553	0.549933
4.754998	1.763757
9.454711	4.558824
3.894294	6.143440
2.611192	2.859984
12.095428	-0.484441
5.339935	4.413256
5.478542	3.733469
-3.689212	7.831275
-3.619982	7.119703
-4.678648	2.573520
10.034568	5.641829
5.707966	4.150815
-4.574839	4.034322
-3.375993	4.443922
4.255293	4.494187
0.518652	5.086617
3.137231	2.253061
4.652455	6.424984
2.837826	4.037948
7.341124	3.070766
10.018802	7.690450
1.727090	4.921366
2.287813	4.720975
5.980260	4.440410
6.989252	9.302079
5.668678	3.859606
3.523730	3.458134
9.655923	1.647231
-1.470582	6.405056
-2.642009	7.660894
3.327301	4.356805
6.845181	2.066294
3.084583	4.076798
6.238957	4.229381
3.394692	6.585015
7.371145	4.931364
5.256654	3.396716
7.155155	4.825896
3.267123	5.497465
-3.009946	5.276030
3.473782	6.204278
-2.370030	1.957960
-0.952735	3.839001
12.699123	4.564102
1.981606	4.139149
5.631562	5.245356
5.221739	5.254289
10.435308	5.312697
1.285754	2.184538
4.433237	3.833340
1.899148	6.950052
10.901500	6.741911
14.609219	3.647902
3.930353	8.829744
0.180767	2.225031
2.639284	5.237045
4.490595	7.059297
-1.468206	3.321213
8.146374	5.273207
7.524285	6.958593
12.517362	3.342058
5.026640	7.378779
4.414524	4.434142
2.984761	7.364262
1.218423	4.672286
-1.458347	6.724133
-6.763385	3.669981
5.440070	4.419618
1.568099	6.032275
5.269356	6.646594
7.637797	6.990469
10.402106	7.692191
6.597544	5.022171
-2.385914	4.010111
1.801544	1.312532
9.643972	3.327632
-0.701027	6.728050
-0.653887	4.037990
7.451270	4.020285
4.271190	6.182254
14.875010	3.688950
-6.046279	4.708479
9.609266	8.793649
-1.928441	3.584302
-1.812777	4.532180
13.190299	6.204731
9.612502	7.597634
-4.773158	5.527738
6.126202	3.420006
2.000394	8.442939
6.366915	6.863229
-4.945415	4.021102
4.353787	6.242105
3.911105	7.791553
3.902480	6.318936
-2.553504	5.942160
11.706579	4.005335
10.519375	7.336836
-0.628801	5.383916
-1.043732	3.412311
3.982867	7.048600
1.430547	9.184681
7.563258	6.278575
8.076255	5.888886
16.408310	4.402885
-2.325918	3.147711
3.943923	0.622538
4.179964	5.010543
1.564041	4.292745
2.602302	4.894827
9.058753	5.610257
8.790692	5.378606
0.949838	5.278138
6.466060	6.499647
2.073646	2.811174
1.646250	7.902140
7.344259	6.371144
2.006803	6.790696
8.106123	3.026569
11.529808	2.809633
1.164457	3.223650
4.320453	6.280801
12.665846	2.063488
-0.416541	5.184407
13.514934	5.077565
6.231191	3.365238
14.314557	1.563946
7.801371	7.260336
9.441989	0.816492
5.722461	3.879272
7.464692	7.812509
7.984461	2.540503
3.167244	4.754558
11.137620	4.977163
12.313195	4.993332
-0.395807	2.074408
7.234179	3.253680
3.085271	4.212401
4.835293	3.381350
-2.731191	5.875268
7.787030	4.263596
-4.535231	6.602058
1.271160	4.186621
3.131509	11.853151
5.188716	4.131381
9.970603	3.054793
10.317146	2.247966
5.158158	7.151655
6.644760	2.435947
10.253105	4.015625
6.962349	5.468130
7.996683	2.060287
10.878828	6.121001
7.283194	5.684594
5.178556	3.101809
4.568188	4.534128
-6.865624	5.984773
9.423957	5.543116
7.337309	7.028874
9.409562	1.632332
1.998457	7.436422
5.521654	4.086175
-2.785275	5.126016
6.601343	8.972799
8.034102	2.008271
8.235930	7.152561
8.963715	5.813170
4.380254	3.369936
6.991774	4.126865
12.900209	4.783181
6.944992	2.935395
-3.951420	7.605710
-4.123032	5.633332
0.549075	5.819091
-2.411137	3.274378
8.510985	2.866757
4.494276	3.658737
5.356126	4.374338
12.658610	7.162466
3.983671	5.090254
-2.620433	7.920404
6.028437	7.767825
-3.918350	4.489956
10.331542	4.831600
4.576812	3.738113
12.471993	3.112046
6.686067	0.932027
0.558305	5.819541
8.891860	3.841898
4.841539	6.628335
5.275629	1.505255
10.048124	6.027431
3.622966	3.127526
11.923748	2.571590
-5.857371	5.750658
7.512420	7.649729
4.620772	3.826469
-4.054843	1.345831
6.135646	6.600928
8.064232	8.255982
-2.952484	4.774664
13.788380	1.428503
10.907429	3.064402
5.494256	3.762331
-1.927431	1.922652
8.220144	5.166802
3.351215	3.198862
7.539574	2.389511
0.089816	5.649377
13.123653	6.187842
6.342932	5.172167
-0.407167	1.499063
17.030521	4.888121
9.978831	6.880790
9.427062	5.073052
5.907277	6.521383
13.600359	6.958504
18.151248	5.915142
21.454638	8.849986
4.145642	3.673687
22.616343	5.530762
0.588045	3.072146
6.803019	7.333804
8.248042	7.812053
8.432529	4.460102
10.585811	4.882575
8.416436	3.447976
-0.419426	7.225012
0.975169	4.912039
1.952388	-0.166806
6.315932	4.284830
13.529741	4.295707
8.844626	3.527025
7.276747	1.790057
-0.099277	5.606158
1.127122	5.269330
3.939166	3.900465
6.117761	4.870388
7.101855	5.334358
13.518120	5.120778
-2.607553	3.833776
-2.088995	2.871608
-8.334595	-0.104616
1.693352	5.916378
1.341216	4.928416
7.307162	6.316985
2.814642	5.664066
3.724746	6.615267
-4.361038	5.361040
6.522520	4.680170
9.851528	8.326495
-1.852463	8.427749
11.199256	7.060965
2.962132	3.594745
9.783272	8.868988
1.046478	3.568230
-0.196940	4.475202
1.749241	6.683567
5.442967	4.969661
7.124062	3.825154
6.505786	5.327353
3.954515	6.887154
4.147618	1.679295
4.891862	9.390685
0.204633	5.881740
16.055256	6.279326
-1.376313	4.442216
-0.786512	4.217340
6.858134	5.346521
3.995821	5.559926
4.654882	5.919133
5.278782	4.903387
11.551512	3.323434
-3.297657	6.959556
-4.462130	2.460092
6.446221	4.105687
7.368720	5.947506
2.051180	2.737474
11.609129	5.199451
2.095072	7.583246
2.081348	2.796535
12.962479	2.535367
0.608991	0.124047
1.697828	3.393325
2.537853	2.861687
6.449190	8.971906
8.354594	4.981239
12.926795	4.708279
4.919405	6.355104
5.360981	1.395528
1.162461	5.603011
5.786966	9.504691
6.907105	5.227237
2.566798	5.209689
10.703653	2.647716
9.612117	6.562173
7.042187	6.152774
7.483506	8.945757
3.724036	6.589648
-0.618339	2.837718
12.237314	6.975799
5.118611	5.581214
-0.234035	5.525886
11.402568	8.700120
3.010804	6.687257
-0.601028	9.685169
6.678235	7.097511
6.053510	6.344109
6.514587	9.586246
8.460868	2.905959
5.513799	1.753024
-0.399847	5.619461
0.601468	5.581864
11.577624	6.144245
1.133137	2.953284
0.417430	3.467625
3.043112	5.435967
9.791579	6.307145
11.740313	5.336875
1.391885	5.576124
4.785312	5.214217
-2.051302	3.065404
1.657529	4.741075
3.314296	5.902340
12.970615	4.633143
4.628763	4.047517
3.848250	6.663713
0.425077	5.844478
1.770964	5.826643
6.210789	7.342486
5.854531	7.437114
3.101975	3.868178
4.412056	-0.345063
3.138543	5.512889
7.039128	1.055535
9.850614	5.076196
7.808581	4.331358
3.343054	4.364096
2.344123	5.577020
-2.021494	7.054758
13.971841	4.714019
2.117277	3.600524
12.921475	6.882896
16.955800	2.564868
7.799807	3.703443
-2.826209	2.753733
1.345096	7.754587
8.776790	5.510540
4.153527	2.283234
9.645915	4.070530
12.535073	6.681066
3.826480	4.318609
2.666456	5.254499
8.878428	7.904342
10.164790	8.297407
7.132908	6.710607
3.488038	6.924960
5.223108	9.205306
5.877270	5.120250
13.064710	5.524700
-0.197290	4.475370
5.414301	9.302030
2.609305	3.581541
11.346608	4.417090
5.559610	3.535340
9.280381	6.607602
1.065832	5.401379
7.004513	4.289066
0.014021	4.231342
7.055676	5.379872
-6.989404	4.814323
14.804448	11.046526
9.035989	3.356956
2.664972	3.078056
11.094533	6.321214
-5.380828	5.345191
3.852650	5.088898
8.982812	8.067082
1.661653	2.087654
4.634866	2.379469
8.021057	7.307492
1.932571	5.073770
1.811463	3.420524
7.793552	4.497758
2.415392	9.096406
13.433095	4.148435
6.378926	3.017934
10.556069	3.186546
7.491665	1.934123
-2.149221	2.737017
7.895801	7.913316
1.352646	3.483187
1.188092	4.525552
5.942211	5.090024
7.348720	0.142683
3.261881	3.654184
1.289179	5.258530
11.192188	8.582494
3.653508	3.546498
8.151325	8.172441
8.915493	5.870968
1.564554	4.127884
3.705130	1.826841
8.420840	2.868978
3.684861	6.712139
7.759265	4.387888
9.792639	3.694485
14.611368	3.420566
10.011930	3.825615
5.255259	7.913404
10.712495	5.539124
17.446559	2.896219
-0.753588	2.412188
-5.034844	0.572746
7.269415	6.328984
-2.223081	5.844301
-4.980946	6.424592
-4.910791	2.275511
7.606738	5.242412
9.173816	6.087342
-9.756283	6.703464
8.920246	4.370682
-1.604047	3.757558
4.303993	6.285318
11.653150	4.622069
3.737007	3.936871
4.491240	7.703418
-6.138227	6.736653
9.004319	2.926572
4.993208	3.990610
8.093940	4.171295
-2.341195	5.434380
6.759070	7.109239
-2.280339	8.568928
2.467483	6.701338
-6.592935	5.244312
1.367120	5.026587
4.899050	5.212654
6.446525	7.115659
4.737040	3.327883
2.514161	1.798738
-1.714783	6.263443
9.982905	5.790898
2.433546	2.695272
3.922629	5.552243
10.715586	5.493469
2.814325	6.300522
4.597654	7.949761
12.035568	7.462363
6.785610	7.023919
2.459920	5.385260
0.206404	9.588919
6.520981	1.835201
8.562596	3.585123
8.867035	3.183922
6.999469	4.109937
1.320702	3.341899
3.455670	8.170137
1.424401	3.552024
2.474549	0.536819
5.371299	4.369428
0.162501	4.219147
3.733454	4.772316
-0.091967	2.698513
13.560388	6.887979
-4.304517	2.726003
12.991878	2.620521
1.451814	6.636911
5.689189	2.800632
-6.936284	3.763421
10.481658	4.624372
9.708488	3.048598
8.701717	3.460428
2.966217	4.458623
6.126327	4.785666
3.259461	3.915356
2.359486	5.153399
10.893579	7.237193
8.806061	5.407879
0.004851	5.231670
-4.042796	4.744421
0.813024	7.472847
10.349571	9.309125
9.701203	1.077539
15.321069	2.057873
5.924415	6.854877
-6.256874	7.444120
8.919820	5.230817
-4.927935	7.601705
6.115221	8.933976
6.204175	3.346280
3.690956	6.267277
12.387834	2.644848
7.584204	3.128411
6.954162	2.700048
5.509426	4.009445
-3.692370	8.176782
13.681901	6.786048
-0.783771	5.021920
8.018307	5.950050
-0.360489	4.004253
7.084438	7.107264
17.981843	5.360854
4.143518	4.136955
4.822044	6.279617
6.441996	7.390114
2.048440	7.990630
2.839307	7.164550
6.000349	5.287657
10.244727	5.985878
3.896374	3.038043
-1.357054	7.489023
12.708294	4.161344
2.709438	4.461943
7.151165	6.765615
11.357620	3.527253
4.370320	4.865152
4.354801	3.528867
4.397767	4.732604
10.813618	7.045224
3.056153	4.124521
-1.533833	7.888010
12.638870	3.542805
6.151771	4.370175
2.864530	8.603366
4.357329	2.491521
7.345093	3.209984
6.700602	4.758522
6.326452	5.161658
3.031061	4.040742
11.287971	7.449027
5.630945	6.185909
5.570039	4.748169
6.081783	7.568944
0.372785	4.511823
1.666360	3.404742
7.670424	5.423872
7.679690	8.083646
1.325602	6.057974
2.044436	0.666965
7.817451	7.544435
5.438539	3.155091
3.028719	8.451960
1.219611	3.887448
-0.183817	5.097441
3.843766	4.981466
14.022793	10.030187
-2.586315	1.910082
1.411232	4.422369
11.151424	0.968303
10.235522	7.825135
15.594899	2.322476
3.220397	5.634173
-0.969791	6.896218
8.819141	1.324397
10.560542	1.533851
3.593085	6.916805
2.092425	2.462381
6.459150	2.492325
1.156701	5.173678
5.555288	4.472336
11.013241	3.424718
-2.204951	3.792074
0.360500	8.828110
12.109508	7.690630
9.683470	3.353089
2.230445	3.653395
2.146196	5.197182
8.738296	2.744787
-1.485930	9.521112
10.210759	3.780995
0.113103	4.174120
3.862732	3.262095
1.717124	5.372681
13.087925	4.592968
-0.216648	1.190284
-4.065561	4.538153
1.564703	3.984079
3.185307	5.297686
6.253344	5.551047
11.634276	7.108415
14.696480	5.651671
4.424529	5.647617
2.751147	4.116259
3.480124	5.660563
13.927641	8.275997
-0.754392	2.933860
-4.471091	7.900092
-7.028873	5.312402
-2.021149	1.056952
-2.120926	4.311872
-1.641450	4.034499
9.160033	1.066174
9.721816	9.053640
5.961279	3.252885
-1.694998	1.559125
2.520090	1.591323
4.023369	3.977701
10.313542	2.304674
0.876755	3.607194
5.875255	6.164987
-1.683946	6.191950
-4.145373	3.057642
2.213083	2.299897
9.146379	1.619754
8.166787	5.741415
7.486572	3.038201
-5.692857	5.007745
3.274286	3.183863
2.827935	4.299161
10.587590	5.385834
9.465629	9.206743
7.224286	5.266375
15.801230	4.455380
11.319610	5.631290
-0.298797	3.397309
3.941653	6.338807
6.928929	9.812836
10.990339	7.143828
4.887738	2.927716
7.667042	5.253629
9.355991	6.251829
7.882802	6.995943
10.681569	6.248175
14.607684	5.285332
5.426737	1.971608
-0.231782	5.528771
7.986628	5.526850
5.951297	4.537014
9.459655	6.780808
5.952799	3.442035
5.709978	6.808882
10.069843	5.053187
4.225506	6.526987
-1.494722	6.355685
9.705651	1.397732
2.295638	1.354359
0.422542	7.338794
-0.102953	1.928453
0.066066	7.483468
5.650356	3.594951
2.165606	7.200609
-4.052968	6.336948
9.221551	2.431613
1.226664	4.021381
-4.111460	4.709718
7.970206	1.813507
-0.728940	5.394848
12.929496	4.579748
5.492424	6.827005
3.079920	7.279893
5.923235	7.003849
-2.501155	7.685993
10.256503	1.468212
12.278183	4.042360
0.882814	3.591748
8.697850	5.833705
-0.172601	7.100563
3.334854	4.001833
5.414579	4.768879
-1.914641	3.978365
2.422028	5.494520
9.277899	6.851174
3.289878	2.776108
10.922737	4.701478
0.330608	5.997308
4.153339	3.849666
6.940541	7.539066
9.639709	8.389426
-6.235742	7.487104
13.488409	1.164568
12.145618	5.236168
9.212000	6.548615
0.686353	2.348988
13.525675	7.930973
2.743159	4.487075
10.602273	2.428446
13.176109	6.616876
0.697013	5.155246
3.231861	6.414754
4.036112	5.532893
-0.316866	6.227881
2.729863	3.281194
14.623935	4.757210
9.487406	5.531066
8.755221	3.589951
3.502657	3.398137
1.495401	5.249097
4.041540	5.292746
9.649581	5.132836
2.578097	4.502840
8.924513	2.587821
11.356488	4.864403
-6.047101	5.084500
14.002443	0.709517
11.971828	5.797015
7.592734	3.815783
4.580598	9.055389
8.662969	9.786584
6.943097	3.304107
-2.675836	4.033115
4.056969	9.031856
-1.155854	4.525016
0.732037	4.538025
7.877493	4.718945
-1.647862	4.756175
2.063764	3.511258
2.974543	5.492915
-0.021708	5.254424
2.276968	5.647728
-1.139611	4.530362
12.577318	4.651204
7.680560	1.654385
-0.825144	6.789145
-1.132347	5.903235
1.366059	7.488920
10.706938	6.660466
4.160353	6.723981
9.710685	5.355173
-0.510837	4.395426
-0.675475	5.648970
-2.532193	5.509008
6.490687	3.397208
5.451190	7.653583
1.455112	5.042116
0.472403	4.630913
4.386575	6.801400
-2.021668	4.214745
-0.040304	1.981622
-1.163961	6.845191
5.088985	3.721742
